1.0000000000000007 	 0.010000011612428613 
2.0000000000000013 	 0.019999979569110565 
2.99999999999998 	 0.030000016647391395 
3.9999999999999587 	 0.040000090105461114 
4.999999999999938 	 0.050000166473913935 
5.9999999999999165 	 0.06000023120083432 
6.999999999999895 	 0.0699999990686774 
7.999999999999874 	 0.07999860860404243 
8.999999999999853 	 0.0899942204448034 
9.999999999999831 	 0.09998406972700515 
10.99999999999981 	 0.10996423907498061 
11.999999999999789 	 0.11993038037636237 
12.999999999999767 	 0.12987749941373244 
13.999999999999746 	 0.13980039242208883 
14.999999999999725 	 0.14969365773037802 
15.999999999999703 	 0.15955204500746828 
16.999999999999858 	 0.16937039705448742 
18.000000000000014 	 0.17914381278627695 
19.00000000000017 	 0.1888676123067948 
20.000000000000327 	 0.1985376279474265 
21.000000000000483 	 0.20815004128553066 
22.00000000000064 	 0.21770122016298518 
23.000000000000796 	 0.22718799808296558 
24.000000000000952 	 0.23660744137929623 
25.00000000000111 	 0.24595708204709923 
26.000000000001265 	 0.2552346150629509 
27.00000000000142 	 0.2644380148002062 
28.000000000001577 	 0.2735659075580368 
29.000000000001734 	 0.28261647725738165 
30.00000000000189 	 0.29158853646193156 
31.000000000002046 	 0.3004813633966751 
32.0000000000022 	 0.30929372405917327 
33.000000000002004 	 0.31802510622199864 
34.000000000001805 	 0.32667523048837255 
35.000000000001606 	 0.33524316553569955 
36.00000000000141 	 0.34372884151478506 
37.00000000000121 	 0.35213211872723965 
38.00000000000101 	 0.3604527643424146 
39.00000000000081 	 0.3686911508893479 
40.00000000000061 	 0.37684706882045577 
41.00000000000041 	 0.38492084409864646 
42.00000000000021 	 0.39291252329004983 
43.000000000000014 	 0.40082131477045974 
43.999999999999815 	 0.40864908118506704 
44.999999999999616 	 0.41639572940161224 
45.99999999999942 	 0.42406191134591203 
46.99999999999922 	 0.4316479995470047 
47.99999999999902 	 0.4391551115920047 
48.99999999999882 	 0.4465833871793014 
49.99999999999862 	 0.4539330591395436 
50.99999999999842 	 0.4612050587953268 
51.999999999998224 	 0.4684001777708571 
52.999999999998025 	 0.4755185091983939 
53.999999999997826 	 0.48256121723118167 
54.99999999999763 	 0.48952853469986923 
55.99999999999743 	 0.49642153262544125 
56.99999999999723 	 0.5032405369708063 
57.99999999999703 	 0.5099864324924298 
58.99999999999683 	 0.5166597779838692 
59.99999999999663 	 0.5232615513338496 
60.99999999999643 	 0.529792171637539 
61.999999999996234 	 0.5362525702175328 
62.999999999996035 	 0.5426429333383501 
63.999999999995836 	 0.5489640060580673 
64.99999999999635 	 0.555216859397669 
65.99999999999686 	 0.5614016330555447 
66.99999999999737 	 0.5675199568462362 
67.99999999999788 	 0.5735719239020033 
68.9999999999984 	 0.5795582327147923 
69.9999999999989 	 0.58547958177655 
70.99999999999942 	 0.5913366695792229 
71.99999999999993 	 0.5971302411808873 
73.00000000000044 	 0.6028603897138027 
74.00000000000095 	 0.608528791558641 
75.00000000000146 	 0.6141352604508831 
76.00000000000198 	 0.619681007109903 
77.00000000000249 	 0.6251659384034411 
78.000000000003 	 0.6305917307121693 
79.00000000000351 	 0.6359581977715686 
80.00000000000402 	 0.6412662243381044 
81.00000000000453 	 0.6465166486021128 
82.00000000000504 	 0.6517095636958532 
83.00000000000556 	 0.6568461803386997 
84.00000000000607 	 0.6619266382290417 
85.00000000000658 	 0.6669518221233448 
86.00000000000709 	 0.6719217785877387 
87.0000000000076 	 0.6768379977383763 
88.00000000000811 	 0.6817005727075168 
89.00000000000863 	 0.6865100157225881 
90.00000000000914 	 0.691266932143277 
91.00000000000965 	 0.6959722067260491 
92.00000000001016 	 0.7006260723015534 
93.00000000001067 	 0.7052291807956066 
94.00000000001118 	 0.7097819047372469 
95.0000000000117 	 0.7142848494861614 
96.00000000001221 	 0.7187387135342966 
97.00000000001272 	 0.7231440556752099 
98.00000000001323 	 0.7275018072314965 
99.00000000001374 	 0.7318116422402481 
100.00000000001425 	 0.7360744920240602 
101.00000000001477 	 0.7402911016410091 
102.00000000001528 	 0.7444612848265757 
103.00000000001579 	 0.7485863454323936 
104.0000000000163 	 0.7526658643632949 
105.00000000001681 	 0.7567010057725237 
106.00000000001732 	 0.760692468152027 
107.00000000001783 	 0.7646403912001937 
108.00000000001835 	 0.7685452405783216 
109.00000000001886 	 0.7724069231541513 
110.00000000001937 	 0.7762268824777055 
111.00000000001988 	 0.7800056773425418 
112.00000000002039 	 0.783745123827721 
113.0000000000209 	 0.787443219589663 
114.00000000002142 	 0.7911020135380779 
115.00000000002193 	 0.7947215056729654 
116.00000000002244 	 0.7983006715394707 
117.00000000002295 	 0.8018397905343725 
118.00000000002346 	 0.8053419360222356 
119.00000000002397 	 0.8088057110191669 
120.00000000002449 	 0.8122310223929068 
121.000000000025 	 0.8156197327886463 
122.00000000002551 	 0.8189710971483088 
123.00000000002602 	 0.8222854880009328 
124.00000000002653 	 0.8255640229336327 
125.00000000002704 	 0.8288075401367443 
126.00000000002755 	 0.8320152945521913 
127.00000000002807 	 0.8351884037670882 
128.00000000002856 	 0.8383266815169159 
129.00000000002765 	 0.841430034669415 
130.00000000002674 	 0.8445000464729976 
131.00000000002584 	 0.8475356924728087 
132.00000000002493 	 0.8505390215785583 
133.00000000002402 	 0.853509102467651 
134.0000000000231 	 0.8564471458594609 
135.0000000000222 	 0.8593529654894687 
136.0000000000213 	 0.8622273995480105 
137.00000000002038 	 0.8650705411673458 
138.00000000001947 	 0.8678822972152151 
139.00000000001856 	 0.8706636921464732 
140.00000000001765 	 0.8734144465643416 
141.00000000001674 	 0.876135864320454 
142.00000000001583 	 0.8788271072244743 
143.00000000001492 	 0.881488920334479 
144.000000000014 	 0.8841216761795062 
145.0000000000131 	 0.886725561024075 
146.0000000000122 	 0.8893013199262617 
147.00000000001128 	 0.8918490460183259 
148.00000000001037 	 0.8943688324325272 
149.00000000000946 	 0.8968612379624227 
150.00000000000855 	 0.899326169475753 
151.00000000000765 	 0.9017644651628539 
152.00000000000674 	 0.904176218155985 
153.00000000000583 	 0.9065618941164441 
154.00000000000492 	 0.9089212136474524 
155.000000000004 	 0.9112556668651626 
156.0000000000031 	 0.913563391124384 
157.0000000000022 	 0.9158468078638645 
158.00000000000128 	 0.9181048926287494 
159.00000000000037 	 0.9203387630061529 
159.99999999999946 	 0.9225477670702584 
160.99999999999855 	 0.924732929275921 
161.99999999999764 	 0.9268940633586212 
162.99999999999673 	 0.9290311693183595 
163.99999999999582 	 0.9311462960648454 
164.9999999999949 	 0.9332373015561097 
165.999999999994 	 0.935305675908305 
166.9999999999931 	 0.93735169851821 
167.99999999999218 	 0.9393745311954886 
168.99999999999127 	 0.9413768747756678 
169.99999999999037 	 0.9433560284232206 
170.99999999998946 	 0.9453141341801168 
171.99999999998855 	 0.947249795062463 
172.99999999998764 	 0.9491648737154501 
173.99999999998673 	 0.9510599289326355 
174.99999999998582 	 0.9529328186720495 
175.9999999999849 	 0.9547854987111427 
176.999999999984 	 0.956620017959625 
177.9999999999831 	 0.9584322785980764 
178.99999999998218 	 0.9602254471233215 
179.99999999998127 	 0.9620000823289175 
180.99999999998036 	 0.9637543215696736 
181.99999999997945 	 0.96549012062304 
182.99999999997854 	 0.9672064550341619 
183.99999999997763 	 0.9689034179352989 
184.99999999997672 	 0.9705827788393822 
185.9999999999758 	 0.972244072085114 
186.9999999999749 	 0.9738863663498991 
187.999999999974 	 0.975510965485371 
188.99999999997308 	 0.9771186145496059 
189.99999999997218 	 0.9787078234264514 
190.99999999997127 	 0.9802792440417241 
191.99999999997036 	 0.9818358566277294 
192.99999999996945 	 0.9833737496295665 
193.99999999996854 	 0.9848946925601668 
194.99999999996763 	 0.9863998030066446 
195.99999999996672 	 0.9878881496464048 
196.9999999999658 	 0.989359546214928 
197.9999999999649 	 0.9908157622251458 
198.999999999964 	 0.9922563320157602 
199.99999999996308 	 0.9936801379996569 
200.99999999996217 	 0.9950882046316909 
201.99999999996126 	 0.9964823945570528 
202.99999999996035 	 0.9978606588660328 
203.99999999995944 	 0.9992232769554097 
204.99999999995853 	 1.0005706213542214 
205.99999999995762 	 1.001905765427033 
206.9999999999567 	 1.003224890751203 
207.9999999999558 	 1.0045292080461057 
208.9999999999549 	 1.0058193692375579 
209.99999999995399 	 1.0070965850449336 
210.99999999995308 	 1.0083588996907824 
211.99999999995217 	 1.0096062200428446 
212.99999999995126 	 1.0108403156140517 
213.99999999995035 	 1.0120635147108923 
214.99999999994944 	 1.0132714401171679 
215.99999999994853 	 1.0144659544780692 
216.99999999994762 	 1.0156472440581152 
217.9999999999467 	 1.0168171715024972 
218.9999999999458 	 1.017973035975688 
219.9999999999449 	 1.0191169795196573 
220.99999999994398 	 1.0202471394892143 
221.99999999994307 	 1.0213658441908475 
222.99999999994216 	 1.0224739318148925 
223.99999999994125 	 1.0235681427322658 
224.99999999994034 	 1.0246508052494558 
225.99999999993943 	 1.0257206155148286 
226.99999999993852 	 1.026780181231652 
227.99999999993761 	 1.027827732886994 
228.9999999999367 	 1.028864108671191 
229.9999999999358 	 1.0298880978648686 
230.9999999999349 	 1.030899886732546 
231.99999999993398 	 1.031904038754941 
232.99999999993307 	 1.0328964561126335 
233.99999999993216 	 1.0338764868798067 
234.99999999993125 	 1.0348462730984302 
235.99999999993034 	 1.0358052559749467 
236.99999999992943 	 1.0367550187577685 
237.99999999992852 	 1.0376940713307428 
238.9999999999276 	 1.0386227862229076 
239.9999999999267 	 1.039540604640706 
240.9999999999258 	 1.0404481785099546 
241.99999999992488 	 1.0413463460209895 
242.99999999992397 	 1.042236411025444 
243.99999999992306 	 1.0431153932910129 
244.99999999992215 	 1.043984131008032 
245.99999999992124 	 1.0448437417636158 
246.99999999992033 	 1.045694132425505 
247.99999999991942 	 1.046535396125959 
248.99999999991851 	 1.0473679053940157 
249.9999999999176 	 1.0481903563780417 
250.9999999999167 	 1.0490058224426022 
251.9999999999158 	 1.049810578297315 
252.99999999991488 	 1.050606393455112 
253.99999999991397 	 1.0513937335772903 
254.99999999991306 	 1.0521741819122623 
255.99999999991215 	 1.0529444788309443 
256.99999999991127 	 1.0537069526398246 
257.99999999991036 	 1.0544595544291935 
258.99999999990945 	 1.0552048919023178 
259.99999999990854 	 1.055943896381793 
260.99999999990763 	 1.056673028841757 
261.9999999999067 	 1.0573959214403315 
262.9999999999058 	 1.0581096870774707 
263.9999999999049 	 1.0588154433402892 
264.999999999904 	 1.0595134696255655 
265.9999999999031 	 1.060204138462338 
266.9999999999022 	 1.0608865185280112 
267.99999999990126 	 1.06155958536773 
268.99999999990035 	 1.062229951371922 
269.99999999989944 	 1.0628923080017934 
270.99999999989853 	 1.063545072008932 
271.9999999998976 	 1.0641924343450166 
272.9999999998967 	 1.064831787306781 
273.9999999998958 	 1.0654641553490793 
274.9999999998949 	 1.0660893522073929 
275.999999999894 	 1.0667074710139812 
276.9999999998931 	 1.0673209332075924 
277.99999999989217 	 1.0679258272333256 
278.99999999989126 	 1.0685244813976693 
279.99999999989035 	 1.0691194102716315 
280.99999999988944 	 1.0697050259196392 
281.99999999988853 	 1.0702842154417385 
282.9999999998876 	 1.0708569788379292 
283.9999999998867 	 1.0714227573146542 
284.9999999998858 	 1.0719830409880662 
285.9999999998849 	 1.0725394131065775 
286.999999999884 	 1.073087775850768 
287.9999999998831 	 1.0736303643948666 
288.99999999988216 	 1.0741658748872402 
289.99999999988125 	 1.0746959837085601 
290.99999999988034 	 1.0752203183297886 
291.99999999987944 	 1.0757415795864518 
292.9999999998785 	 1.0762555765268709 
293.9999999998776 	 1.0767623091510454 
294.9999999998767 	 1.077265409617098 
295.9999999998758 	 1.0777633878088755 
296.9999999998749 	 1.0782551261392637 
297.999999999874 	 1.0787407177405222 
298.99999999987307 	 1.0792212801997652 
299.99999999987216 	 1.079696534120214 
300.99999999987125 	 1.0801665726341287 
301.99999999987034 	 1.0806312094769899 
302.99999999986943 	 1.0810903515165378 
303.9999999998685 	 1.081543160562437 
304.9999999998676 	 1.0819914061276186 
305.9999999998667 	 1.0824382547089069 
306.9999999998658 	 1.0828819367933706 
307.9999999998649 	 1.0833175163712543 
308.999999999864 	 1.083747973674863 
309.99999999986306 	 1.0841747056880902 
310.99999999986215 	 1.0845962222947827 
311.99999999986125 	 1.0850125234949408 
312.99999999986034 	 1.0854238886853433 
313.9999999998594 	 1.0858316217176234 
314.9999999998585 	 1.0862344187401478 
315.9999999998576 	 1.086632186620657 
316.9999999998567 	 1.0870259498140056 
317.9999999998558 	 1.0874170121718276 
318.9999999998549 	 1.0878028591231153 
319.99999999985397 	 1.0881843288582043 
320.99999999985306 	 1.0885613282448352 
321.99999999985215 	 1.0889346023410844 
322.99999999985124 	 1.0893068519824785 
323.99999999985033 	 1.0896727686302239 
324.9999999998494 	 1.0900340286649919 
325.9999999998485 	 1.0903911908803403 
326.9999999998476 	 1.0907444415407876 
327.9999999998467 	 1.0910938737785938 
328.9999999998458 	 1.0914396738582777 
329.9999999998449 	 1.091780910457244 
330.99999999984396 	 1.0921184217658286 
331.99999999984306 	 1.0924535116356653 
332.99999999984215 	 1.0927873907861276 
333.99999999984124 	 1.0931149369429412 
334.9999999998403 	 1.0934384784125943 
335.9999999998394 	 1.0937587602531633 
336.9999999998385 	 1.09407550306787 
337.9999999998376 	 1.0943885205921946 
338.9999999998367 	 1.0946976265616186 
339.9999999998358 	 1.095002727843882 
340.99999999983487 	 1.0953048488938404 
341.99999999983396 	 1.09560464163731 
342.99999999983305 	 1.0959025717355886 
343.99999999983214 	 1.0961993842467528 
344.99999999983123 	 1.0964888393094132 
345.9999999998303 	 1.0967750347429894 
346.9999999998294 	 1.0970570392248864 
347.9999999998285 	 1.0973375535906305 
348.9999999998276 	 1.0976166709724815 
349.9999999998267 	 1.097893460047844 
350.9999999998258 	 1.098165871907008 
351.99999999982487 	 1.0984348378725688 
352.99999999982396 	 1.098700637341305 
353.99999999982305 	 1.098963084048698 
354.99999999982214 	 1.099223016185083 
355.9999999998212 	 1.0994800612214222 
356.9999999998203 	 1.0997340328931966 
357.9999999998194 	 1.0999854899939632 
358.9999999998185 	 1.100234059994684 
359.9999999998176 	 1.1004800222921378 
360.9999999998167 	 1.1007234700185837 
361.99999999981577 	 1.1009635649836862 
362.99999999981486 	 1.1012004934519641 
363.99999999981395 	 1.101435186746013 
364.99999999981304 	 1.1016654096916039 
365.99999999981213 	 1.1018921867435916 
366.9999999998112 	 1.1021187775310601 
367.9999999998103 	 1.1023426674830021 
368.9999999998094 	 1.1025680475510966 
369.9999999998085 	 1.1027911924449623 
370.9999999998076 	 1.1030144304710872 
371.9999999998067 	 1.1032334775455328 
372.99999999980577 	 1.1034474023457037 
373.99999999980486 	 1.103657974384531 
374.99999999980395 	 1.1038664043813886 
375.99999999980304 	 1.1040725060717578 
376.9999999998021 	 1.1042765588524168 
377.9999999998012 	 1.1044789352524043 
378.9999999998003 	 1.1046790764781627 
379.9999999997994 	 1.1048775413232492 
380.9999999997985 	 1.1050723740102137 
381.9999999997976 	 1.1052651577874681 
382.99999999979667 	 1.1054564514485699 
383.99999999979576 	 1.1056442992160687 
384.99999999979485 	 1.105830563735155 
385.99999999979394 	 1.106015710667127 
386.99999999979303 	 1.1061981567635721 
387.9999999997921 	 1.1063781814212692 
388.9999999997912 	 1.1065561571692561 
389.9999999997903 	 1.1067319908752737 
390.9999999997894 	 1.1069066138619172 
391.9999999997885 	 1.10707937420337 
392.9999999997876 	 1.1072497131060746 
393.99999999978667 	 1.1074187481571456 
394.99999999978576 	 1.1075875969436972 
395.99999999978485 	 1.1077549556140964 
396.99999999978394 	 1.107920824168343 
397.99999999978303 	 1.1080829674322077 
398.9999999997821 	 1.1082432480508815 
399.9999999997812 	 1.108401386627586 
400.9999999997803 	 1.1085573831623208 
401.9999999997794 	 1.1087117964486435 
402.9999999997785 	 1.108863788296218 
403.9999999997776 	 1.109014848821197 
404.99999999977666 	 1.1091647917590617 
405.99999999977575 	 1.1093151072259644 
406.99999999977484 	 1.1094644913702718 
407.99999999977393 	 1.1096134098532813 
408.999999999773 	 1.1097591618394664 
409.9999999997721 	 1.109902585519163 
410.9999999997712 	 1.1100435877601116 
411.9999999997703 	 1.1101826342236094 
412.9999999997694 	 1.110319724909657 
413.9999999997685 	 1.110455511744071 
414.99999999976757 	 1.110589901594592 
415.99999999976666 	 1.1107229875934792 
416.99999999976575 	 1.1108545834762138 
417.99999999976484 	 1.1109837579202002 
418.99999999976393 	 1.1111118147770722 
419.999999999763 	 1.111238474650051 
420.9999999997621 	 1.1113635512746174 
421.9999999997612 	 1.111488255370146 
422.9999999997603 	 1.111611562481781 
423.9999999997594 	 1.1117335657417826 
424.9999999997585 	 1.1118535200920743 
425.99999999975756 	 1.1119721705907324 
426.99999999975665 	 1.1120874683280468 
427.99999999975574 	 1.1122025798008424 
428.99999999975483 	 1.112316201157485 
429.9999999997539 	 1.1124296362496087 
430.999999999753 	 1.1125417674900988 
431.9999999997521 	 1.112654457524146 
432.9999999997512 	 1.1127669612936741 
433.9999999997503 	 1.112878533740607 
434.9999999997494 	 1.1129901993197993 
435.99999999974847 	 1.1131009335763962 
436.99999999974756 	 1.1132080356748708 
437.99999999974665 	 1.1133126232023378 
438.99999999974574 	 1.1134160931426904 
439.99999999974483 	 1.113518538628188 
440.9999999997439 	 1.1136193077330137 
441.999999999743 	 1.113720169970099 
442.9999999997421 	 1.1138193558265126 
443.9999999997412 	 1.1139170515667733 
444.9999999997403 	 1.1140138159844388 
445.9999999997394 	 1.1141090902859514 
446.99999999973846 	 1.1142035263971284 
447.99999999973755 	 1.1142968449211905 
448.99999999973664 	 1.1143886733291002 
449.99999999973573 	 1.1144795704144144 
450.9999999997348 	 1.1145697224416522 
451.9999999997339 	 1.1146590362785542 
452.999999999733 	 1.1147476981896394 
453.9999999997321 	 1.1148349631168313 
454.9999999997312 	 1.1149212035891682 
455.9999999997303 	 1.1150069784002077 
456.99999999972937 	 1.1150916356241325 
457.99999999972846 	 1.1151744302028663 
458.99999999972755 	 1.115255641533188 
459.99999999972664 	 1.1153362940699525 
460.99999999972573 	 1.115414711432488 
461.9999999997248 	 1.115492197472428 
462.9999999997239 	 1.115569404115589 
463.999999999723 	 1.1156464244942315 
464.9999999997221 	 1.1157216753599424 
465.9999999997212 	 1.1157979506805082 
466.9999999997203 	 1.1158732946784786 
467.99999999971936 	 1.1159481730151515 
468.99999999971845 	 1.1160234238808624 
469.99999999971755 	 1.1160986747465733 
470.99999999971664 	 1.1161731805542079 
471.9999999997157 	 1.1162476863618425 
472.9999999997148 	 1.116322005904958 
473.9999999997139 	 1.1163961391835542 
474.999999999713 	 1.1164695274040743 
475.9999999997121 	 1.1165398422600294 
476.9999999997112 	 1.1166074562804578 
477.99999999971027 	 1.1166747909041075 
478.99999999970936 	 1.1167407285438642 
479.99999999970845 	 1.116806200522323 
480.99999999970754 	 1.1168702755168887 
481.99999999970663 	 1.116934257379195 
482.9999999997057 	 1.1169970285221271 
483.9999999997048 	 1.1170585889456852 
484.9999999997039 	 1.1171195905756859 
485.999999999703 	 1.1171803128089082 
486.9999999997021 	 1.1172397311904967 
487.9999999997012 	 1.1172991495720852 
488.99999999970026 	 1.1173576366310785 
489.99999999969936 	 1.117415006102957 
490.99999999969845 	 1.1174721893103166 
491.99999999969754 	 1.1175290931208974 
492.9999999996966 	 1.1175855312701806 
493.9999999996957 	 1.1176422488162425 
494.9999999996948 	 1.1176983144364876 
495.9999999996939 	 1.1177548457180302 
496.999999999693 	 1.1178115632640921 
497.9999999996921 	 1.117867442619818 
498.99999999969117 	 1.1179232288432843 
499.99999999969026 	 1.1179788288022317 
500.99999999968935 	 1.1180343356289195 
501.99999999968844 	 1.1180883523394545 
502.99999999968753 	 1.118140878933837 
503.9999999996866 	 1.1181923810733643 
504.9999999996857 	 1.1182441626096702 
505.9999999996848 	 1.1182944540298236 
506.9999999996839 	 1.1183447454499769 
507.999999999683 	 1.1183945712088326 
508.9999999996821 	 1.1184438381741308 
509.99999999968117 	 1.118492360081353 
510.99999999968026 	 1.1185400437982391 
511.99999999967935 	 1.118587354986087 
512.9999999996785 	 1.1186335485868204 
513.9999999996776 	 1.1186796490552944 
514.9999999996767 	 1.1187250975979515 
515.9999999996758 	 1.1187697079502728 
516.9999999996749 	 1.1188135732445175 
517.999999999674 	 1.1188569728774647 
518.999999999673 	 1.118899720584595 
519.9999999996721 	 1.118941723233649 
520.9999999996712 	 1.118983539618184 
521.9999999996703 	 1.1190244246801233 
522.9999999996694 	 1.1190644715517268 
523.9999999996685 	 1.1191037733652542 
524.9999999996676 	 1.1191431683110409 
525.9999999996667 	 1.11918209759553 
526.9999999996658 	 1.119220468086462 
527.9999999996649 	 1.1192591179741722 
528.9999999996639 	 1.1192972090683255 
529.999999999663 	 1.1193352070302192 
530.9999999996621 	 1.1193726461985554 
531.9999999996612 	 1.119410271631411 
532.9999999996603 	 1.1194475245352282 
533.9999999996594 	 1.1194846843067858 
534.9999999996585 	 1.1195218440783437 
535.9999999996576 	 1.1195581656595655 
536.9999999996567 	 1.1195952322988638 
537.9999999996558 	 1.119630063763933 
538.9999999996548 	 1.119664708964483 
539.9999999996539 	 1.1196987022392162 
540.999999999653 	 1.119732416117171 
541.9999999996521 	 1.119765850598347 
542.9999999996512 	 1.1197988194182251 
543.9999999996503 	 1.1198311363122866 
544.9999999996494 	 1.1198634532063483 
545.9999999996485 	 1.1198952113068523 
546.9999999996476 	 1.119926690010578 
547.9999999996467 	 1.1199583549788228 
548.9999999996458 	 1.1199889954922124 
549.9999999996448 	 1.1200193566088235 
550.9999999996439 	 1.1200494383286559 
551.999999999643 	 1.1200791475194503 
552.9999999996421 	 1.1201081116521683 
553.9999999996412 	 1.120137075784886 
554.9999999996403 	 1.1201657605208255 
555.9999999996394 	 1.1201947246535433 
556.9999999996385 	 1.120222571199147 
557.9999999996376 	 1.1202506040092692 
558.9999999996367 	 1.1202780780258346 
559.9999999996357 	 1.1203058314391785 
560.9999999996348 	 1.1203327466621864 
561.9999999996339 	 1.1203592893561563 
562.999999999633 	 1.1203853663888284 
563.9999999996321 	 1.1204112571569813 
564.9999999996312 	 1.1204371479251345 
565.9999999996303 	 1.120462293635211 
566.9999999996294 	 1.120488184403364 
567.9999999996285 	 1.1205133301134407 
568.9999999996276 	 1.1205381964267387 
569.9999999996267 	 1.1205632490045558 
570.9999999996257 	 1.1205881153178539 
571.9999999996248 	 1.1206125159698543 
572.9999999996239 	 1.120636637225076 
573.999999999623 	 1.1206605722157785 
574.9999999996221 	 1.120684134677443 
575.9999999996212 	 1.1207074177423288 
576.9999999996203 	 1.120730235145917 
577.9999999996194 	 1.120753238814024 
578.9999999996185 	 1.1207757768208335 
579.9999999996176 	 1.1207981285631239 
580.9999999996166 	 1.1208204803054143 
581.9999999996157 	 1.1208426457831855 
582.9999999996148 	 1.120863973070621 
583.9999999996139 	 1.1208851140935372 
584.999999999613 	 1.1209059757196749 
585.9999999996121 	 1.1209263716845148 
586.9999999996112 	 1.1209473264429122 
587.9999999996103 	 1.1209681880690499 
588.9999999996094 	 1.1209880252403326 
589.9999999996085 	 1.1210076761470962 
590.9999999996076 	 1.1210274201861192 
591.9999999996066 	 1.1210469779606234 
592.9999999996057 	 1.1210654181480129 
593.9999999996048 	 1.121083765203143 
594.9999999996039 	 1.1211026710518301 
595.999999999603 	 1.1211203661811435 
596.9999999996021 	 1.1211386201040139 
597.9999999996012 	 1.1211564083655867 
598.9999999996003 	 1.1211737309658616 
599.9999999995994 	 1.1211911466983964 
600.9999999995985 	 1.1212087486954498 
601.9999999995975 	 1.1212253262376486 
602.9999999995966 	 1.1212426488379237 
603.9999999995957 	 1.121259505776901 
604.9999999995948 	 1.1212758970545806 
605.9999999995939 	 1.1212921952000006 
606.999999999593 	 1.1213079345518635 
607.9999999995921 	 1.1213243258295431 
608.9999999995912 	 1.1213400651814058 
609.9999999995903 	 1.1213556182687496 
610.9999999995894 	 1.1213707056947957 
611.9999999995885 	 1.1213860725176201 
612.9999999995875 	 1.1214014393404448 
613.9999999995866 	 1.121416061105193 
614.9999999995857 	 1.1214307760022009 
615.9999999995848 	 1.1214457702959875 
616.9999999995839 	 1.121459926399438 
617.999999999583 	 1.1214737099738503 
618.9999999995821 	 1.1214875866805223 
619.9999999995812 	 1.1215018359162325 
620.9999999995803 	 1.1215157126229043 
621.9999999995794 	 1.121528658006981 
622.9999999995784 	 1.121541882787836 
623.9999999995775 	 1.121554921304172 
624.9999999995766 	 1.1215672147624318 
625.9999999995757 	 1.1215795082206914 
626.9999999995748 	 1.1215923604725084 
627.9999999995739 	 1.1216046539307682 
628.999999999573 	 1.1216166679922492 
629.9999999995721 	 1.1216284957892113 
630.9999999995712 	 1.1216408823797304 
631.9999999995703 	 1.1216527101766924 
632.9999999995694 	 1.121663979180097 
633.9999999995684 	 1.1216759932415783 
634.9999999995675 	 1.1216865171869066 
635.9999999995666 	 1.121698251851609 
636.9999999995657 	 1.121709707119533 
637.9999999995648 	 1.1217199516680827 
638.9999999995639 	 1.1217305687456707 
639.999999999563 	 1.1217417446168159 
640.9999999995621 	 1.121752920487961 
641.9999999995612 	 1.1217626062429535 
642.9999999995603 	 1.1217734095850604 
643.9999999995593 	 1.1217837472658698 
644.9999999995584 	 1.12179389868216 
645.9999999995575 	 1.1218041432307098 
646.9999999995566 	 1.121813456456664 
647.9999999995557 	 1.1218227696826184 
648.9999999995548 	 1.1218309653214582 
649.9999999995539 	 1.121839160960298 
650.999999999553 	 1.121847915392695 
651.9999999995521 	 1.1218567629573517 
652.9999999995512 	 1.1218654242574893 
653.9999999995503 	 1.1218741786898863 
654.9999999995493 	 1.1218812567416114 
655.9999999995484 	 1.1218892661159323 
656.9999999995475 	 1.1218967166966958 
657.9999999995466 	 1.1219034222193829 
658.9999999995457 	 1.1219108728001463 
659.9999999995448 	 1.1219198134970625 
660.9999999995439 	 1.1219274503423449 
661.999999999543 	 1.1219333176746962 
662.9999999995421 	 1.1219395575360855 
663.9999999995412 	 1.1219455180006963 
664.9999999995403 	 1.1219525960524217 
665.9999999995393 	 1.121956600739582 
666.9999999995384 	 1.1219632131300095 
667.9999999995375 	 1.1219699186526966 
668.9999999995366 	 1.1219764379108648 
669.9999999995357 	 1.1219799769367274 
670.9999999995348 	 1.1219840747561471 
671.9999999995339 	 1.1219905940143153 
672.999999999533 	 1.1219930154530633 
673.9999999995321 	 1.1219974858015214 
674.9999999995312 	 1.1220031668693535 
675.9999999995302 	 1.1220066127629567 
676.9999999995293 	 1.1220096861275215 
677.9999999995284 	 1.1220122938307888 
678.9999999995275 	 1.1220155534598728 
679.9999999995266 	 1.1220196512792928 
680.9999999995257 	 1.1220254254793844 
681.9999999995248 	 1.1220315722085143 
682.9999999995239 	 1.1220359494247127 
683.999999999523 	 1.1220397678473542 
684.9999999995221 	 1.1220426549473999 
685.9999999995212 	 1.1220453557829266 
686.9999999995202 	 1.1220484291474915 
687.9999999995193 	 1.1220487085442703 
688.9999999995184 	 1.1220511299830183 
689.9999999995175 	 1.1220535514217664 
690.9999999995166 	 1.1220557865959955 
691.9999999995157 	 1.1220580217702245 
692.9999999995148 	 1.1220596050186367 
693.9999999995139 	 1.1220602569444535 
694.999999999513 	 1.1220617470606062 
695.999999999512 	 1.122064820425171 
696.9999999995111 	 1.1220672418639193 
697.9999999995102 	 1.1220672418639193 
698.9999999995093 	 1.1220672418639193 
699.9999999995084 	 1.1220672418639193 
700.9999999995075 	 1.1220672418639193 
701.9999999995066 	 1.1220672418639193 
702.9999999995057 	 1.1220672418639193 
703.9999999995048 	 1.1220672418639193 
704.9999999995039 	 1.1220672418639193 
705.999999999503 	 1.1220672418639193 
706.999999999502 	 1.1220672418639193 
707.9999999995011 	 1.1220672418639193 
708.9999999995002 	 1.1220672418639193 
709.9999999994993 	 1.1220672418639193 
710.9999999994984 	 1.1220672418639193 
711.9999999994975 	 1.1220672418639193 
712.9999999994966 	 1.1220672418639193 
713.9999999994957 	 1.1220672418639193 
714.9999999994948 	 1.1220672418639193 
715.9999999994939 	 1.1220672418639193 
716.999999999493 	 1.1220672418639193 
717.999999999492 	 1.1220672418639193 
718.9999999994911 	 1.1220672418639193 
719.9999999994902 	 1.1220672418639193 
720.9999999994893 	 1.1220672418639193 
721.9999999994884 	 1.1220672418639193 
722.9999999994875 	 1.1220672418639193 
723.9999999994866 	 1.1220672418639193 
724.9999999994857 	 1.1220672418639193 
725.9999999994848 	 1.1220672418639193 
726.9999999994839 	 1.1220672418639193 
727.999999999483 	 1.1220672418639193 
728.999999999482 	 1.1220672418639193 
729.9999999994811 	 1.1220672418639193 
730.9999999994802 	 1.1220672418639193 
731.9999999994793 	 1.1220672418639193 
732.9999999994784 	 1.1220672418639193 
733.9999999994775 	 1.1220672418639193 
734.9999999994766 	 1.1220672418639193 
735.9999999994757 	 1.1220672418639193 
736.9999999994748 	 1.1220672418639193 
737.9999999994739 	 1.1220672418639193 
738.999999999473 	 1.1220672418639193 
739.999999999472 	 1.1220672418639193 
740.9999999994711 	 1.1220672418639193 
741.9999999994702 	 1.1220672418639193 
742.9999999994693 	 1.1220672418639193 
743.9999999994684 	 1.1220672418639193 
744.9999999994675 	 1.1220672418639193 
745.9999999994666 	 1.1220672418639193 
746.9999999994657 	 1.1220672418639193 
747.9999999994648 	 1.1220672418639193 
748.9999999994639 	 1.1220672418639193 
749.999999999463 	 1.1220672418639193 
750.999999999462 	 1.1220672418639193 
751.9999999994611 	 1.1220672418639193 
752.9999999994602 	 1.1220672418639193 
753.9999999994593 	 1.1220672418639193 
754.9999999994584 	 1.1220672418639193 
755.9999999994575 	 1.1220672418639193 
756.9999999994566 	 1.1220672418639193 
757.9999999994557 	 1.1220672418639193 
758.9999999994548 	 1.1220672418639193 
759.9999999994538 	 1.1220672418639193 
760.9999999994529 	 1.1220672418639193 
761.999999999452 	 1.1220672418639193 
762.9999999994511 	 1.1220672418639193 
763.9999999994502 	 1.1220672418639193 
764.9999999994493 	 1.1220672418639193 
765.9999999994484 	 1.1220672418639193 
766.9999999994475 	 1.1220672418639193 
767.9999999994466 	 1.1220672418639193 
768.9999999994457 	 1.1220672418639193 
769.9999999994448 	 1.1220672418639193 
770.9999999994438 	 1.1220672418639193 
771.9999999994429 	 1.1220672418639193 
772.999999999442 	 1.1220672418639193 
773.9999999994411 	 1.1220672418639193 
774.9999999994402 	 1.1220672418639193 
775.9999999994393 	 1.1220672418639193 
776.9999999994384 	 1.1220672418639193 
777.9999999994375 	 1.1220672418639193 
778.9999999994366 	 1.1220672418639193 
779.9999999994357 	 1.1220672418639193 
780.9999999994347 	 1.1220672418639193 
781.9999999994338 	 1.1220672418639193 
782.9999999994329 	 1.1220672418639193 
783.999999999432 	 1.1220672418639193 
784.9999999994311 	 1.1220672418639193 
785.9999999994302 	 1.1220672418639193 
786.9999999994293 	 1.1220672418639193 
787.9999999994284 	 1.1220672418639193 
788.9999999994275 	 1.1220672418639193 
789.9999999994266 	 1.1220672418639193 
790.9999999994257 	 1.1220672418639193 
791.9999999994247 	 1.1220672418639193 
792.9999999994238 	 1.1220672418639193 
793.9999999994229 	 1.1220672418639193 
794.999999999422 	 1.1220672418639193 
795.9999999994211 	 1.1220672418639193 
796.9999999994202 	 1.1220672418639193 
797.9999999994193 	 1.1220672418639193 
798.9999999994184 	 1.1220672418639193 
799.9999999994175 	 1.1220672418639193 
800.9999999994166 	 1.1220672418639193 
801.9999999994156 	 1.1220672418639193 
802.9999999994147 	 1.1220672418639193 
803.9999999994138 	 1.1220672418639193 
804.9999999994129 	 1.1220672418639193 
805.999999999412 	 1.1220672418639193 
806.9999999994111 	 1.1220672418639193 
807.9999999994102 	 1.1220672418639193 
808.9999999994093 	 1.1220672418639193 
809.9999999994084 	 1.1220672418639193 
810.9999999994075 	 1.1220672418639193 
811.9999999994066 	 1.1220672418639193 
812.9999999994056 	 1.1220672418639193 
813.9999999994047 	 1.1220672418639193 
814.9999999994038 	 1.1220672418639193 
815.9999999994029 	 1.1220672418639193 
816.999999999402 	 1.1220672418639193 
817.9999999994011 	 1.1220672418639193 
818.9999999994002 	 1.1220672418639193 
819.9999999993993 	 1.1220672418639193 
820.9999999993984 	 1.1220672418639193 
821.9999999993975 	 1.1220672418639193 
822.9999999993966 	 1.1220672418639193 
823.9999999993956 	 1.1220672418639193 
824.9999999993947 	 1.1220672418639193 
825.9999999993938 	 1.1220672418639193 
826.9999999993929 	 1.1220672418639193 
827.999999999392 	 1.1220672418639193 
828.9999999993911 	 1.1220672418639193 
829.9999999993902 	 1.1220672418639193 
830.9999999993893 	 1.1220672418639193 
831.9999999993884 	 1.1220672418639193 
832.9999999993875 	 1.1220672418639193 
833.9999999993865 	 1.1220672418639193 
834.9999999993856 	 1.1220672418639193 
835.9999999993847 	 1.1220672418639193 
836.9999999993838 	 1.1220672418639193 
837.9999999993829 	 1.1220672418639193 
838.999999999382 	 1.1220672418639193 
839.9999999993811 	 1.1220672418639193 
840.9999999993802 	 1.1220672418639193 
841.9999999993793 	 1.1220672418639193 
842.9999999993784 	 1.1220672418639193 
843.9999999993775 	 1.1220672418639193 
844.9999999993765 	 1.1220672418639193 
845.9999999993756 	 1.1220672418639193 
846.9999999993747 	 1.1220672418639193 
847.9999999993738 	 1.1220672418639193 
848.9999999993729 	 1.1220672418639193 
849.999999999372 	 1.1220672418639193 
850.9999999993711 	 1.1220672418639193 
851.9999999993702 	 1.1220672418639193 
852.9999999993693 	 1.1220672418639193 
853.9999999993684 	 1.1220672418639193 
854.9999999993674 	 1.1220672418639193 
855.9999999993665 	 1.1220672418639193 
856.9999999993656 	 1.1220672418639193 
857.9999999993647 	 1.1220672418639193 
858.9999999993638 	 1.1220672418639193 
859.9999999993629 	 1.1220672418639193 
860.999999999362 	 1.1220672418639193 
861.9999999993611 	 1.1220672418639193 
862.9999999993602 	 1.1220672418639193 
863.9999999993593 	 1.1220672418639193 
864.9999999993584 	 1.1220672418639193 
865.9999999993574 	 1.1220672418639193 
866.9999999993565 	 1.1220672418639193 
867.9999999993556 	 1.1220672418639193 
868.9999999993547 	 1.1220672418639193 
869.9999999993538 	 1.1220672418639193 
870.9999999993529 	 1.1220672418639193 
871.999999999352 	 1.1220672418639193 
872.9999999993511 	 1.1220672418639193 
873.9999999993502 	 1.1220672418639193 
874.9999999993493 	 1.1220672418639193 
875.9999999993483 	 1.1220672418639193 
876.9999999993474 	 1.1220672418639193 
877.9999999993465 	 1.1220672418639193 
878.9999999993456 	 1.1220672418639193 
879.9999999993447 	 1.1220672418639193 
880.9999999993438 	 1.1220672418639193 
881.9999999993429 	 1.1220672418639193 
882.999999999342 	 1.1220672418639193 
883.9999999993411 	 1.1220672418639193 
884.9999999993402 	 1.1220672418639193 
885.9999999993393 	 1.1220672418639193 
886.9999999993383 	 1.1220672418639193 
887.9999999993374 	 1.1220672418639193 
888.9999999993365 	 1.1220672418639193 
889.9999999993356 	 1.1220672418639193 
890.9999999993347 	 1.1220672418639193 
891.9999999993338 	 1.1220672418639193 
892.9999999993329 	 1.1220672418639193 
893.999999999332 	 1.1220672418639193 
894.9999999993311 	 1.1220672418639193 
895.9999999993302 	 1.1220672418639193 
896.9999999993292 	 1.1220672418639193 
897.9999999993283 	 1.1220672418639193 
898.9999999993274 	 1.1220672418639193 
899.9999999993265 	 1.1220672418639193 
900.9999999993256 	 1.1220672418639193 
901.9999999993247 	 1.1220672418639193 
902.9999999993238 	 1.1220672418639193 
903.9999999993229 	 1.1220672418639193 
904.999999999322 	 1.1220672418639193 
905.9999999993211 	 1.1220672418639193 
906.9999999993202 	 1.1220672418639193 
907.9999999993192 	 1.1220672418639193 
908.9999999993183 	 1.1220672418639193 
909.9999999993174 	 1.1220672418639193 
910.9999999993165 	 1.1220672418639193 
911.9999999993156 	 1.1220672418639193 
912.9999999993147 	 1.1220672418639193 
913.9999999993138 	 1.1220672418639193 
914.9999999993129 	 1.1220672418639193 
915.999999999312 	 1.1220672418639193 
916.9999999993111 	 1.1220672418639193 
917.9999999993101 	 1.1220672418639193 
918.9999999993092 	 1.1220672418639193 
919.9999999993083 	 1.1220672418639193 
920.9999999993074 	 1.1220672418639193 
921.9999999993065 	 1.1220672418639193 
922.9999999993056 	 1.1220672418639193 
923.9999999993047 	 1.1220672418639193 
924.9999999993038 	 1.1220672418639193 
925.9999999993029 	 1.1220672418639193 
926.999999999302 	 1.1220672418639193 
927.999999999301 	 1.1220672418639193 
928.9999999993001 	 1.1220672418639193 
929.9999999992992 	 1.1220672418639193 
930.9999999992983 	 1.1220672418639193 
931.9999999992974 	 1.1220672418639193 
932.9999999992965 	 1.1220672418639193 
933.9999999992956 	 1.1220672418639193 
934.9999999992947 	 1.1220672418639193 
935.9999999992938 	 1.1220672418639193 
936.9999999992929 	 1.1220672418639193 
937.999999999292 	 1.1220672418639193 
938.999999999291 	 1.1220672418639193 
939.9999999992901 	 1.1220672418639193 
940.9999999992892 	 1.1220672418639193 
941.9999999992883 	 1.1220672418639193 
942.9999999992874 	 1.1220672418639193 
943.9999999992865 	 1.1220672418639193 
944.9999999992856 	 1.1220672418639193 
945.9999999992847 	 1.1220672418639193 
946.9999999992838 	 1.1220672418639193 
947.9999999992829 	 1.1220672418639193 
948.999999999282 	 1.1220672418639193 
949.999999999281 	 1.1220672418639193 
950.9999999992801 	 1.1220672418639193 
951.9999999992792 	 1.1220672418639193 
952.9999999992783 	 1.1220672418639193 
953.9999999992774 	 1.1220672418639193 
954.9999999992765 	 1.1220672418639193 
955.9999999992756 	 1.1220672418639193 
956.9999999992747 	 1.1220672418639193 
957.9999999992738 	 1.1220672418639193 
958.9999999992729 	 1.1220672418639193 
959.999999999272 	 1.1220672418639193 
960.999999999271 	 1.1220672418639193 
961.9999999992701 	 1.1220672418639193 
962.9999999992692 	 1.1220672418639193 
963.9999999992683 	 1.1220672418639193 
964.9999999992674 	 1.1220672418639193 
965.9999999992665 	 1.1220672418639193 
966.9999999992656 	 1.1220672418639193 
967.9999999992647 	 1.1220672418639193 
968.9999999992638 	 1.1220672418639193 
969.9999999992629 	 1.1220672418639193 
970.999999999262 	 1.1220672418639193 
971.999999999261 	 1.1220672418639193 
972.9999999992601 	 1.1220672418639193 
973.9999999992592 	 1.1220672418639193 
974.9999999992583 	 1.1220672418639193 
975.9999999992574 	 1.1220672418639193 
976.9999999992565 	 1.1220672418639193 
977.9999999992556 	 1.1220672418639193 
978.9999999992547 	 1.1220672418639193 
979.9999999992538 	 1.1220672418639193 
980.9999999992529 	 1.1220672418639193 
981.9999999992519 	 1.1220672418639193 
982.999999999251 	 1.1220672418639193 
983.9999999992501 	 1.1220672418639193 
984.9999999992492 	 1.1220672418639193 
985.9999999992483 	 1.1220672418639193 
986.9999999992474 	 1.1220672418639193 
987.9999999992465 	 1.1220672418639193 
988.9999999992456 	 1.1220672418639193 
989.9999999992447 	 1.1220672418639193 
990.9999999992438 	 1.1220672418639193 
991.9999999992428 	 1.1220672418639193 
992.9999999992419 	 1.1220672418639193 
993.999999999241 	 1.1220672418639193 
994.9999999992401 	 1.1220672418639193 
995.9999999992392 	 1.1220672418639193 
996.9999999992383 	 1.1220672418639193 
997.9999999992374 	 1.1220672418639193 
998.9999999992365 	 1.1220672418639193 
999.9999999992356 	 1.1220672418639193 
1000.9999999992347 	 1.1220672418639193 
1001.9999999992338 	 1.1220672418639193 
1002.9999999992328 	 1.1220672418639193 
1003.9999999992319 	 1.1220672418639193 
1004.999999999231 	 1.1220672418639193 
1005.9999999992301 	 1.1220672418639193 
1006.9999999992292 	 1.1220672418639193 
1007.9999999992283 	 1.1220672418639193 
1008.9999999992274 	 1.1220672418639193 
1009.9999999992265 	 1.1220672418639193 
1010.9999999992256 	 1.1220672418639193 
1011.9999999992247 	 1.1220672418639193 
1012.9999999992237 	 1.1220672418639193 
1013.9999999992228 	 1.1220672418639193 
1014.9999999992219 	 1.1220672418639193 
1015.999999999221 	 1.1220672418639193 
1016.9999999992201 	 1.1220672418639193 
1017.9999999992192 	 1.1220672418639193 
1018.9999999992183 	 1.1220672418639193 
1019.9999999992174 	 1.1220672418639193 
1020.9999999992165 	 1.1220672418639193 
1021.9999999992156 	 1.1220672418639193 
1022.9999999992147 	 1.1220672418639193 
1023.9999999992137 	 1.1220672418639193 
1024.9999999992128 	 1.1220672418639193 
1025.999999999212 	 1.1220672418639193 
1026.999999999211 	 1.1220672418639193 
1027.99999999921 	 1.1220672418639193 
1028.9999999992092 	 1.1220672418639193 
1029.9999999992083 	 1.1220672418639193 
1030.9999999992074 	 1.1220672418639193 
1031.9999999992065 	 1.1220672418639193 
1032.9999999992056 	 1.1220672418639193 
1033.9999999992046 	 1.1220672418639193 
1034.9999999992037 	 1.1220672418639193 
1035.9999999992028 	 1.1220672418639193 
1036.999999999202 	 1.1220672418639193 
1037.999999999201 	 1.1220672418639193 
1038.9999999992 	 1.1220672418639193 
1039.9999999991992 	 1.1220672418639193 
1040.9999999991983 	 1.1220672418639193 
1041.9999999991974 	 1.1220672418639193 
1042.9999999991965 	 1.1220672418639193 
1043.9999999991956 	 1.1220672418639193 
1044.9999999991946 	 1.1220672418639193 
1045.9999999991937 	 1.1220672418639193 
1046.9999999991928 	 1.1220672418639193 
1047.999999999192 	 1.1220672418639193 
1048.999999999191 	 1.1220672418639193 
1049.99999999919 	 1.1220672418639193 
1050.9999999991892 	 1.1220672418639193 
1051.9999999991883 	 1.1220672418639193 
1052.9999999991874 	 1.1220672418639193 
1053.9999999991865 	 1.1220672418639193 
1054.9999999991855 	 1.1220672418639193 
1055.9999999991846 	 1.1220672418639193 
1056.9999999991837 	 1.1220672418639193 
1057.9999999991828 	 1.1220672418639193 
1058.999999999182 	 1.1220672418639193 
1059.999999999181 	 1.1220672418639193 
1060.99999999918 	 1.1220672418639193 
1061.9999999991792 	 1.1220672418639193 
1062.9999999991783 	 1.1220672418639193 
1063.9999999991774 	 1.1220672418639193 
1064.9999999991765 	 1.1220672418639193 
1065.9999999991755 	 1.1220672418639193 
1066.9999999991746 	 1.1220672418639193 
1067.9999999991737 	 1.1220672418639193 
1068.9999999991728 	 1.1220672418639193 
1069.999999999172 	 1.1220672418639193 
1070.999999999171 	 1.1220672418639193 
1071.99999999917 	 1.1220672418639193 
1072.9999999991692 	 1.1220672418639193 
1073.9999999991683 	 1.1220672418639193 
1074.9999999991674 	 1.1220672418639193 
1075.9999999991664 	 1.1220672418639193 
1076.9999999991655 	 1.1220672418639193 
1077.9999999991646 	 1.1220672418639193 
1078.9999999991637 	 1.1220672418639193 
1079.9999999991628 	 1.1220672418639193 
1080.999999999162 	 1.1220672418639193 
1081.999999999161 	 1.1220672418639193 
1082.99999999916 	 1.1220672418639193 
1083.9999999991592 	 1.1220672418639193 
1084.9999999991583 	 1.1220672418639193 
1085.9999999991574 	 1.1220672418639193 
1086.9999999991564 	 1.1220672418639193 
1087.9999999991555 	 1.1220672418639193 
1088.9999999991546 	 1.1220672418639193 
1089.9999999991537 	 1.1220672418639193 
1090.9999999991528 	 1.1220672418639193 
1091.999999999152 	 1.1220672418639193 
1092.999999999151 	 1.1220672418639193 
1093.99999999915 	 1.1220672418639193 
1094.9999999991492 	 1.1220672418639193 
1095.9999999991483 	 1.1220672418639193 
1096.9999999991473 	 1.1220672418639193 
1097.9999999991464 	 1.1220672418639193 
1098.9999999991455 	 1.1220672418639193 
1099.9999999991446 	 1.1220672418639193 
1100.9999999991437 	 1.1220672418639193 
1101.9999999991428 	 1.1220672418639193 
1102.999999999142 	 1.1220672418639193 
1103.999999999141 	 1.1220672418639193 
1104.99999999914 	 1.1220672418639193 
1105.9999999991392 	 1.1220672418639193 
1106.9999999991383 	 1.1220672418639193 
1107.9999999991373 	 1.1220672418639193 
1108.9999999991364 	 1.1220672418639193 
1109.9999999991355 	 1.1220672418639193 
1110.9999999991346 	 1.1220672418639193 
1111.9999999991337 	 1.1220672418639193 
1112.9999999991328 	 1.1220672418639193 
1113.999999999132 	 1.1220672418639193 
1114.999999999131 	 1.1220672418639193 
1115.99999999913 	 1.1220672418639193 
1116.9999999991292 	 1.1220672418639193 
1117.9999999991282 	 1.1220672418639193 
1118.9999999991273 	 1.1220672418639193 
1119.9999999991264 	 1.1220672418639193 
1120.9999999991255 	 1.1220672418639193 
1121.9999999991246 	 1.1220672418639193 
1122.9999999991237 	 1.1220672418639193 
1123.9999999991228 	 1.1220672418639193 
1124.9999999991219 	 1.1220672418639193 
1125.999999999121 	 1.1220672418639193 
1126.99999999912 	 1.1220672418639193 
1127.9999999991192 	 1.1220672418639193 
1128.9999999991182 	 1.1220672418639193 
1129.9999999991173 	 1.1220672418639193 
1130.9999999991164 	 1.1220672418639193 
1131.9999999991155 	 1.1220672418639193 
1132.9999999991146 	 1.1220672418639193 
1133.9999999991137 	 1.1220672418639193 
1134.9999999991128 	 1.1220672418639193 
1135.9999999991119 	 1.1220672418639193 
1136.999999999111 	 1.1220672418639193 
1137.99999999911 	 1.1220672418639193 
1138.9999999991091 	 1.1220672418639193 
1139.9999999991082 	 1.1220672418639193 
1140.9999999991073 	 1.1220672418639193 
1141.9999999991064 	 1.1220672418639193 
1142.9999999991055 	 1.1220672418639193 
1143.9999999991046 	 1.1220672418639193 
1144.9999999991037 	 1.1220672418639193 
1145.9999999991028 	 1.1220672418639193 
1146.9999999991019 	 1.1220672418639193 
1147.999999999101 	 1.1220672418639193 
1148.9999999991 	 1.1220672418639193 
1149.9999999990991 	 1.1220672418639193 
1150.9999999990982 	 1.1220672418639193 
1151.9999999990973 	 1.1220672418639193 
1152.9999999990964 	 1.1220672418639193 
1153.9999999990955 	 1.1220672418639193 
1154.9999999990946 	 1.1220672418639193 
1155.9999999990937 	 1.1220672418639193 
1156.9999999990928 	 1.1220672418639193 
1157.9999999990919 	 1.1220672418639193 
1158.999999999091 	 1.1220672418639193 
1159.99999999909 	 1.1220672418639193 
1160.9999999990891 	 1.1220672418639193 
1161.9999999990882 	 1.1220672418639193 
1162.9999999990873 	 1.1220672418639193 
1163.9999999990864 	 1.1220672418639193 
1164.9999999990855 	 1.1220672418639193 
1165.9999999990846 	 1.1220672418639193 
1166.9999999990837 	 1.1220672418639193 
1167.9999999990828 	 1.1220672418639193 
1168.9999999990819 	 1.1220672418639193 
1169.999999999081 	 1.1220672418639193 
1170.99999999908 	 1.1220672418639193 
1171.9999999990791 	 1.1220672418639193 
1172.9999999990782 	 1.1220672418639193 
1173.9999999990773 	 1.1220672418639193 
1174.9999999990764 	 1.1220672418639193 
1175.9999999990755 	 1.1220672418639193 
1176.9999999990746 	 1.1220672418639193 
1177.9999999990737 	 1.1220672418639193 
1178.9999999990728 	 1.1220672418639193 
1179.9999999990719 	 1.1220672418639193 
1180.999999999071 	 1.1220672418639193 
1181.99999999907 	 1.1220672418639193 
1182.9999999990691 	 1.1220672418639193 
1183.9999999990682 	 1.1220672418639193 
1184.9999999990673 	 1.1220672418639193 
1185.9999999990664 	 1.1220672418639193 
1186.9999999990655 	 1.1220672418639193 
1187.9999999990646 	 1.1220672418639193 
1188.9999999990637 	 1.1220672418639193 
1189.9999999990628 	 1.1220672418639193 
1190.9999999990619 	 1.1220672418639193 
1191.999999999061 	 1.1220672418639193 
1192.99999999906 	 1.1220672418639193 
1193.9999999990591 	 1.1220672418639193 
1194.9999999990582 	 1.1220672418639193 
1195.9999999990573 	 1.1220672418639193 
1196.9999999990564 	 1.1220672418639193 
1197.9999999990555 	 1.1220672418639193 
1198.9999999990546 	 1.1220672418639193 
1199.9999999990537 	 1.1220672418639193 
1200.9999999990528 	 1.1220672418639193 
1201.9999999990519 	 1.1220672418639193 
1202.999999999051 	 1.1220672418639193 
1203.99999999905 	 1.1220672418639193 
1204.9999999990491 	 1.1220672418639193 
1205.9999999990482 	 1.1220672418639193 
1206.9999999990473 	 1.1220672418639193 
1207.9999999990464 	 1.1220672418639193 
1208.9999999990455 	 1.1220672418639193 
1209.9999999990446 	 1.1220672418639193 
1210.9999999990437 	 1.1220672418639193 
1211.9999999990428 	 1.1220672418639193 
1212.9999999990418 	 1.1220672418639193 
1213.999999999041 	 1.1220672418639193 
1214.99999999904 	 1.1220672418639193 
1215.9999999990391 	 1.1220672418639193 
1216.9999999990382 	 1.1220672418639193 
1217.9999999990373 	 1.1220672418639193 
1218.9999999990364 	 1.1220672418639193 
1219.9999999990355 	 1.1220672418639193 
1220.9999999990346 	 1.1220672418639193 
1221.9999999990337 	 1.1220672418639193 
1222.9999999990328 	 1.1220672418639193 
1223.9999999990318 	 1.1220672418639193 
1224.999999999031 	 1.1220672418639193 
1225.99999999903 	 1.1220672418639193 
1226.9999999990291 	 1.1220672418639193 
1227.9999999990282 	 1.1220672418639193 
1228.9999999990273 	 1.1220672418639193 
1229.9999999990264 	 1.1220672418639193 
1230.9999999990255 	 1.1220672418639193 
1231.9999999990246 	 1.1220672418639193 
1232.9999999990237 	 1.1220672418639193 
1233.9999999990227 	 1.1220672418639193 
1234.9999999990218 	 1.1220672418639193 
1235.999999999021 	 1.1220672418639193 
1236.99999999902 	 1.1220672418639193 
1237.999999999019 	 1.1220672418639193 
1238.9999999990182 	 1.1220672418639193 
1239.9999999990173 	 1.1220672418639193 
1240.9999999990164 	 1.1220672418639193 
1241.9999999990155 	 1.1220672418639193 
1242.9999999990146 	 1.1220672418639193 
1243.9999999990137 	 1.1220672418639193 
1244.9999999990127 	 1.1220672418639193 
1245.9999999990118 	 1.1220672418639193 
1246.999999999011 	 1.1220672418639193 
1247.99999999901 	 1.1220672418639193 
1248.999999999009 	 1.1220672418639193 
1249.9999999990082 	 1.1220672418639193 
1250.9999999990073 	 1.1220672418639193 
1251.9999999990064 	 1.1220672418639193 
1252.9999999990055 	 1.1220672418639193 
1253.9999999990046 	 1.1220672418639193 
1254.9999999990036 	 1.1220672418639193 
1255.9999999990027 	 1.1220672418639193 
1256.9999999990018 	 1.1220672418639193 
1257.999999999001 	 1.1220672418639193 
1258.999999999 	 1.1220672418639193 
1259.999999998999 	 1.1220672418639193 
1260.9999999989982 	 1.1220672418639193 
1261.9999999989973 	 1.1220672418639193 
1262.9999999989964 	 1.1220672418639193 
1263.9999999989955 	 1.1220672418639193 
1264.9999999989946 	 1.1220672418639193 
1265.9999999989936 	 1.1220672418639193 
1266.9999999989927 	 1.1220672418639193 
1267.9999999989918 	 1.1220672418639193 
1268.999999998991 	 1.1220672418639193 
1269.99999999899 	 1.1220672418639193 
1270.999999998989 	 1.1220672418639193 
1271.9999999989882 	 1.1220672418639193 
1272.9999999989873 	 1.1220672418639193 
1273.9999999989864 	 1.1220672418639193 
1274.9999999989855 	 1.1220672418639193 
1275.9999999989845 	 1.1220672418639193 
1276.9999999989836 	 1.1220672418639193 
1277.9999999989827 	 1.1220672418639193 
1278.9999999989818 	 1.1220672418639193 
1279.999999998981 	 1.1220672418639193 
1280.99999999898 	 1.1220672418639193 
1281.999999998979 	 1.1220672418639193 
1282.9999999989782 	 1.1220672418639193 
1283.9999999989773 	 1.1220672418639193 
1284.9999999989764 	 1.1220672418639193 
1285.9999999989755 	 1.1220672418639193 
1286.9999999989745 	 1.1220672418639193 
1287.9999999989736 	 1.1220672418639193 
1288.9999999989727 	 1.1220672418639193 
1289.9999999989718 	 1.1220672418639193 
1290.999999998971 	 1.1220672418639193 
1291.99999999897 	 1.1220672418639193 
1292.999999998969 	 1.1220672418639193 
1293.9999999989682 	 1.1220672418639193 
1294.9999999989673 	 1.1220672418639193 
1295.9999999989664 	 1.1220672418639193 
1296.9999999989654 	 1.1220672418639193 
1297.9999999989645 	 1.1220672418639193 
1298.9999999989636 	 1.1220672418639193 
1299.9999999989627 	 1.1220672418639193 
1300.9999999989618 	 1.1220672418639193 
1301.999999998961 	 1.1220672418639193 
1302.99999999896 	 1.1220672418639193 
1303.999999998959 	 1.1220672418639193 
1304.9999999989582 	 1.1220672418639193 
1305.9999999989573 	 1.1220672418639193 
1306.9999999989564 	 1.1220672418639193 
1307.9999999989554 	 1.1220672418639193 
1308.9999999989545 	 1.1220672418639193 
1309.9999999989536 	 1.1220672418639193 
1310.9999999989527 	 1.1220672418639193 
1311.9999999989518 	 1.1220672418639193 
1312.999999998951 	 1.1220672418639193 
1313.99999999895 	 1.1220672418639193 
1314.999999998949 	 1.1220672418639193 
1315.9999999989482 	 1.1220672418639193 
1316.9999999989473 	 1.1220672418639193 
1317.9999999989464 	 1.1220672418639193 
1318.9999999989454 	 1.1220672418639193 
1319.9999999989445 	 1.1220672418639193 
1320.9999999989436 	 1.1220672418639193 
1321.9999999989427 	 1.1220672418639193 
1322.9999999989418 	 1.1220672418639193 
1323.999999998941 	 1.1220672418639193 
1324.99999999894 	 1.1220672418639193 
1325.999999998939 	 1.1220672418639193 
1326.9999999989382 	 1.1220672418639193 
1327.9999999989373 	 1.1220672418639193 
1328.9999999989363 	 1.1220672418639193 
1329.9999999989354 	 1.1220672418639193 
1330.9999999989345 	 1.1220672418639193 
1331.9999999989336 	 1.1220672418639193 
1332.9999999989327 	 1.1220672418639193 
1333.9999999989318 	 1.1220672418639193 
1334.999999998931 	 1.1220672418639193 
1335.99999999893 	 1.1220672418639193 
1336.999999998929 	 1.1220672418639193 
1337.9999999989282 	 1.1220672418639193 
1338.9999999989273 	 1.1220672418639193 
1339.9999999989263 	 1.1220672418639193 
1340.9999999989254 	 1.1220672418639193 
1341.9999999989245 	 1.1220672418639193 
1342.9999999989236 	 1.1220672418639193 
1343.9999999989227 	 1.1220672418639193 
1344.9999999989218 	 1.1220672418639193 
1345.9999999989209 	 1.1220672418639193 
1346.99999999892 	 1.1220672418639193 
1347.999999998919 	 1.1220672418639193 
1348.9999999989182 	 1.1220672418639193 
1349.9999999989172 	 1.1220672418639193 
1350.9999999989163 	 1.1220672418639193 
1351.9999999989154 	 1.1220672418639193 
1352.9999999989145 	 1.1220672418639193 
1353.9999999989136 	 1.1220672418639193 
1354.9999999989127 	 1.1220672418639193 
1355.9999999989118 	 1.1220672418639193 
1356.9999999989109 	 1.1220672418639193 
1357.99999999891 	 1.1220672418639193 
1358.999999998909 	 1.1220672418639193 
1359.9999999989082 	 1.1220672418639193 
1360.9999999989072 	 1.1220672418639193 
1361.9999999989063 	 1.1220672418639193 
1362.9999999989054 	 1.1220672418639193 
1363.9999999989045 	 1.1220672418639193 
1364.9999999989036 	 1.1220672418639193 
1365.9999999989027 	 1.1220672418639193 
1366.9999999989018 	 1.1220672418639193 
1367.9999999989009 	 1.1220672418639193 
1368.9999999989 	 1.1220672418639193 
1369.999999998899 	 1.1220672418639193 
1370.9999999988981 	 1.1220672418639193 
1371.9999999988972 	 1.1220672418639193 
1372.9999999988963 	 1.1220672418639193 
1373.9999999988954 	 1.1220672418639193 
1374.9999999988945 	 1.1220672418639193 
1375.9999999988936 	 1.1220672418639193 
1376.9999999988927 	 1.1220672418639193 
1377.9999999988918 	 1.1220672418639193 
1378.9999999988909 	 1.1220672418639193 
1379.99999999889 	 1.1220672418639193 
1380.999999998889 	 1.1220672418639193 
1381.9999999988881 	 1.1220672418639193 
1382.9999999988872 	 1.1220672418639193 
1383.9999999988863 	 1.1220672418639193 
1384.9999999988854 	 1.1220672418639193 
1385.9999999988845 	 1.1220672418639193 
1386.9999999988836 	 1.1220672418639193 
1387.9999999988827 	 1.1220672418639193 
1388.9999999988818 	 1.1220672418639193 
1389.9999999988809 	 1.1220672418639193 
1390.99999999888 	 1.1220672418639193 
1391.999999998879 	 1.1220672418639193 
1392.9999999988781 	 1.1220672418639193 
1393.9999999988772 	 1.1220672418639193 
1394.9999999988763 	 1.1220672418639193 
1395.9999999988754 	 1.1220672418639193 
1396.9999999988745 	 1.1220672418639193 
1397.9999999988736 	 1.1220672418639193 
1398.9999999988727 	 1.1220672418639193 
1399.9999999988718 	 1.1220672418639193 
1400.9999999988709 	 1.1220672418639193 
1401.99999999887 	 1.1220672418639193 
1402.999999998869 	 1.1220672418639193 
1403.9999999988681 	 1.1220672418639193 
1404.9999999988672 	 1.1220672418639193 
1405.9999999988663 	 1.1220672418639193 
1406.9999999988654 	 1.1220672418639193 
1407.9999999988645 	 1.1220672418639193 
1408.9999999988636 	 1.1220672418639193 
1409.9999999988627 	 1.1220672418639193 
1410.9999999988618 	 1.1220672418639193 
1411.9999999988609 	 1.1220672418639193 
1412.99999999886 	 1.1220672418639193 
1413.999999998859 	 1.1220672418639193 
1414.9999999988581 	 1.1220672418639193 
1415.9999999988572 	 1.1220672418639193 
1416.9999999988563 	 1.1220672418639193 
1417.9999999988554 	 1.1220672418639193 
1418.9999999988545 	 1.1220672418639193 
1419.9999999988536 	 1.1220672418639193 
1420.9999999988527 	 1.1220672418639193 
1421.9999999988518 	 1.1220672418639193 
1422.9999999988509 	 1.1220672418639193 
1423.99999999885 	 1.1220672418639193 
1424.999999998849 	 1.1220672418639193 
1425.9999999988481 	 1.1220672418639193 
1426.9999999988472 	 1.1220672418639193 
1427.9999999988463 	 1.1220672418639193 
1428.9999999988454 	 1.1220672418639193 
1429.9999999988445 	 1.1220672418639193 
1430.9999999988436 	 1.1220672418639193 
1431.9999999988427 	 1.1220672418639193 
1432.9999999988418 	 1.1220672418639193 
1433.9999999988408 	 1.1220672418639193 
1434.99999999884 	 1.1220672418639193 
1435.999999998839 	 1.1220672418639193 
1436.9999999988381 	 1.1220672418639193 
1437.9999999988372 	 1.1220672418639193 
1438.9999999988363 	 1.1220672418639193 
1439.9999999988354 	 1.1220672418639193 
1440.9999999988345 	 1.1220672418639193 
1441.9999999988336 	 1.1220672418639193 
1442.9999999988327 	 1.1220672418639193 
1443.9999999988318 	 1.1220672418639193 
1444.9999999988308 	 1.1220672418639193 
1445.99999999883 	 1.1220672418639193 
1446.999999998829 	 1.1220672418639193 
1447.9999999988281 	 1.1220672418639193 
1448.9999999988272 	 1.1220672418639193 
1449.9999999988263 	 1.1220672418639193 
1450.9999999988254 	 1.1220672418639193 
1451.9999999988245 	 1.1220672418639193 
1452.9999999988236 	 1.1220672418639193 
1453.9999999988227 	 1.1220672418639193 
1454.9999999988217 	 1.1220672418639193 
1455.9999999988208 	 1.1220672418639193 
1456.99999999882 	 1.1220672418639193 
1457.999999998819 	 1.1220672418639193 
1458.999999998818 	 1.1220672418639193 
1459.9999999988172 	 1.1220672418639193 
1460.9999999988163 	 1.1220672418639193 
1461.9999999988154 	 1.1220672418639193 
1462.9999999988145 	 1.1220672418639193 
1463.9999999988136 	 1.1220672418639193 
1464.9999999988127 	 1.1220672418639193 
1465.9999999988117 	 1.1220672418639193 
1466.9999999988108 	 1.1220672418639193 
1467.99999999881 	 1.1220672418639193 
1468.999999998809 	 1.1220672418639193 
1469.999999998808 	 1.1220672418639193 
1470.9999999988072 	 1.1220672418639193 
1471.9999999988063 	 1.1220672418639193 
1472.9999999988054 	 1.1220672418639193 
1473.9999999988045 	 1.1220672418639193 
1474.9999999988036 	 1.1220672418639193 
1475.9999999988027 	 1.1220672418639193 
1476.9999999988017 	 1.1220672418639193 
1477.9999999988008 	 1.1220672418639193 
1478.9999999988 	 1.1220672418639193 
1479.999999998799 	 1.1220672418639193 
1480.999999998798 	 1.1220672418639193 
1481.9999999987972 	 1.1220672418639193 
1482.9999999987963 	 1.1220672418639193 
1483.9999999987954 	 1.1220672418639193 
1484.9999999987945 	 1.1220672418639193 
1485.9999999987936 	 1.1220672418639193 
1486.9999999987926 	 1.1220672418639193 
1487.9999999987917 	 1.1220672418639193 
1488.9999999987908 	 1.1220672418639193 
1489.99999999879 	 1.1220672418639193 
1490.999999998789 	 1.1220672418639193 
1491.999999998788 	 1.1220672418639193 
1492.9999999987872 	 1.1220672418639193 
1493.9999999987863 	 1.1220672418639193 
1494.9999999987854 	 1.1220672418639193 
1495.9999999987845 	 1.1220672418639193 
1496.9999999987836 	 1.1220672418639193 
1497.9999999987826 	 1.1220672418639193 
1498.9999999987817 	 1.1220672418639193 
1499.9999999987808 	 1.1220672418639193 
