1.0000000000000007 	 0.10000015832484123 
2.0000000000000013 	 0.20000001396983894 
2.99999999999998 	 0.3000009173527565 
3.9999999999999587 	 0.4000019837171283 
4.999999999999938 	 0.5000032130629543 
5.9999999999999165 	 0.6000042561442611 
6.999999999999895 	 0.7000022258610031 
7.999999999999874 	 0.7999870173630197 
8.999999999999853 	 0.8999384209499901 
9.999999999999831 	 0.9998309649489291 
10.99999999999981 	 1.0996276758527983 
11.999999999999789 	 1.1992841295737953 
12.999999999999767 	 1.298750407220805 
13.999999999999746 	 1.3979742615962236 
14.999999999999725 	 1.496901955386295 
15.999999999999703 	 1.595483942228942 
16.999999999999858 	 1.6936708620266065 
18.000000000000014 	 1.791409256862311 
19.00000000000017 	 1.8886514430191692 
20.000000000000327 	 1.9853553247158675 
21.000000000000483 	 2.081481972667917 
22.00000000000064 	 2.1769958103521723 
23.000000000000796 	 2.271868339297213 
24.000000000000952 	 2.366067149476718 
25.00000000000111 	 2.4595685852967635 
26.000000000001265 	 2.5523502950150587 
27.00000000000142 	 2.6443899268893136 
28.000000000001577 	 2.735670530848292 
29.000000000001734 	 2.826181489814404 
30.00000000000189 	 2.915909951535835 
31.000000000002046 	 3.0048410148510567 
32.0000000000022 	 3.0929692780890155 
33.000000000002004 	 3.180277418649437 
34.000000000001805 	 3.2667667403839546 
35.000000000001606 	 3.352435008118339 
36.00000000000141 	 3.4372837119687434 
37.00000000000121 	 3.521305773883442 
38.00000000000101 	 3.6045030565076264 
39.00000000000081 	 3.686877422486486 
40.00000000000061 	 3.76842738170387 
41.00000000000041 	 3.849155169334006 
42.00000000000021 	 3.9290633930801615 
43.000000000000014 	 4.008156523290795 
43.999999999999815 	 4.086436422611097 
44.999999999999616 	 4.1639101690927935 
45.99999999999942 	 4.240578135264921 
46.99999999999922 	 4.316447026650169 
47.99999999999902 	 4.39152392130026 
48.99999999999882 	 4.465808819215197 
49.99999999999862 	 4.539314386382276 
50.99999999999842 	 4.61204397556284 
51.999999999998224 	 4.684002057105349 
52.999999999998025 	 4.755196454119603 
53.999999999997826 	 4.825632382012138 
54.99999999999763 	 4.895317291363716 
55.99999999999743 	 4.964257142638948 
56.99999999999723 	 5.0324582688314825 
57.99999999999703 	 5.099927002934971 
58.99999999999683 	 5.1666737757624785 
59.99999999999663 	 5.23270231260439 
60.99999999999643 	 5.2980144761058945 
61.999999999996234 	 5.362624422370444 
62.999999999996035 	 5.426537739333609 
63.999999999995836 	 5.489758524814811 
64.99999999999635 	 5.5522972096271195 
65.99999999999686 	 5.614160126764181 
66.99999999999737 	 5.675352119103494 
67.99999999999788 	 5.735882499871012 
68.9999999999984 	 5.795753504240964 
69.9999999999989 	 5.854977053142571 
70.99999999999942 	 5.913557989453331 
71.99999999999993 	 5.971500410992662 
73.00000000000044 	 6.028811768341328 
74.00000000000095 	 6.08550621760278 
75.00000000000146 	 6.141580033486636 
76.00000000000198 	 6.197045136922117 
77.00000000000249 	 6.251905998257683 
78.000000000003 	 6.3061730483064 
79.00000000000351 	 6.359847032126346 
80.00000000000402 	 6.412939870646743 
81.00000000000453 	 6.465450818809513 
82.00000000000504 	 6.51738956236965 
83.00000000000556 	 6.568762806849841 
84.00000000000607 	 6.619572042366237 
85.00000000000658 	 6.669829189848063 
86.00000000000709 	 6.719543935050308 
87.0000000000076 	 6.768714787856821 
88.00000000000811 	 6.8173439834418295 
89.00000000000863 	 6.86545089331532 
90.00000000000914 	 6.913031047128835 
91.00000000000965 	 6.960095620753519 
92.00000000001016 	 7.006642379015141 
93.00000000001067 	 7.052680262610621 
94.00000000001118 	 7.098218212236872 
95.0000000000117 	 7.143256227893895 
96.00000000001221 	 7.1878069755689875 
97.00000000001272 	 7.231868220087921 
98.00000000001323 	 7.275448902147612 
99.00000000001374 	 7.318551256922288 
100.00000000001425 	 7.361192420747707 
101.00000000001477 	 7.40336792327541 
102.00000000001528 	 7.445077764505396 
103.00000000001579 	 7.48633163019266 
104.0000000000163 	 7.527137715976039 
105.00000000001681 	 7.5674960218555345 
106.00000000001732 	 7.607413998411909 
107.00000000001783 	 7.646897606109775 
108.00000000001835 	 7.685948335065284 
109.00000000001886 	 7.72457140068497 
110.00000000001937 	 7.7627764887238255 
111.00000000001988 	 7.800565089298005 
112.00000000002039 	 7.837939437581736 
113.0000000000209 	 7.874904003923477 
114.00000000002142 	 7.911469964194372 
115.00000000002193 	 7.947634338162118 
116.00000000002244 	 7.983403831349399 
117.00000000002295 	 8.018780678930447 
118.00000000002346 	 8.053778291950636 
119.00000000002397 	 8.088390709945353 
120.00000000002449 	 8.122622403263057 
121.000000000025 	 8.156483057658741 
122.00000000002551 	 8.189973418190482 
123.00000000002602 	 8.223100190380965 
124.00000000002653 	 8.255858903881734 
125.00000000002704 	 8.288259989505857 
126.00000000002755 	 8.320311642892175 
127.00000000002807 	 8.35201088380838 
128.00000000002856 	 8.383365162835236 
129.00000000002765 	 8.414378950321204 
130.00000000002674 	 8.445049266033976 
131.00000000002584 	 8.475387285844699 
132.00000000002493 	 8.505398225159905 
133.00000000002402 	 8.53508282903767 
134.0000000000231 	 8.564438117245691 
135.0000000000222 	 8.593476755771267 
136.0000000000213 	 8.622197999556318 
137.00000000002038 	 8.650606318949304 
138.00000000001947 	 8.678703204066379 
139.00000000001856 	 8.706498340662533 
140.00000000001765 	 8.733983533098927 
141.00000000001674 	 8.761178152885545 
142.00000000001583 	 8.78806580874471 
143.00000000001492 	 8.8146628919541 
144.000000000014 	 8.84097461792025 
145.0000000000131 	 8.866991300888166 
146.0000000000122 	 8.892728587077453 
147.00000000001128 	 8.918183496255804 
148.00000000001037 	 8.943355283365145 
149.00000000000946 	 8.968264064973535 
150.00000000000855 	 8.99289270474522 
151.00000000000765 	 9.017254613725573 
152.00000000000674 	 9.041351282030746 
153.00000000000583 	 9.065184199776892 
154.00000000000492 	 9.088754857080167 
155.000000000004 	 9.112073684753636 
156.0000000000031 	 9.135139192681146 
157.0000000000022 	 9.157949145688471 
158.00000000000128 	 9.180511739414449 
159.00000000000037 	 9.202826228801003 
159.99999999999946 	 9.224896339138516 
160.99999999999855 	 9.246728775949675 
161.99999999999764 	 9.268306402898723 
162.99999999999673 	 9.289670198179861 
163.99999999999582 	 9.31079706499272 
164.9999999999949 	 9.33169147368576 
165.999999999994 	 9.35235565943321 
166.9999999999931 	 9.372793347525448 
167.99999999999218 	 9.393009753369014 
168.99999999999127 	 9.413001151673523 
169.99999999999037 	 9.432767542438974 
170.99999999998946 	 9.452336492814196 
171.99999999998855 	 9.471683415882664 
172.99999999998764 	 9.490816507283222 
173.99999999998673 	 9.509740982422404 
174.99999999998582 	 9.528465036939048 
175.9999999999849 	 9.546981220252393 
176.999999999984 	 9.565302943407811 
177.9999999999831 	 9.583408599721087 
178.99999999998218 	 9.601319795876439 
179.99999999998127 	 9.619050687977316 
180.99999999998036 	 9.63657817922335 
181.99999999997945 	 9.653914935601836 
182.99999999997854 	 9.67106095711278 
183.99999999997763 	 9.688022949278869 
184.99999999997672 	 9.704801657158175 
185.9999999999758 	 9.721391865344165 
186.9999999999749 	 9.737800279359526 
187.999999999974 	 9.754026154146183 
188.99999999997308 	 9.77009109638835 
189.99999999997218 	 9.785965303762973 
190.99999999997127 	 9.801669637896188 
191.99999999997036 	 9.81720931419453 
192.99999999996945 	 9.832573901844933 
193.99999999996854 	 9.84777010637008 
194.99999999996763 	 9.862801653060355 
195.99999999996672 	 9.877664816625376 
196.9999999999658 	 9.892371517994365 
197.9999999999649 	 9.906906856005794 
198.999999999964 	 9.921287221937341 
199.99999999996308 	 9.93553124224092 
200.99999999996217 	 9.949603899186938 
201.99999999996126 	 9.963523074169228 
202.99999999996035 	 9.977293982594327 
203.99999999995944 	 9.990908428823392 
204.99999999995853 	 10.00437758872757 
205.99999999995762 	 10.01772604922338 
206.9999999999567 	 10.030892715548562 
207.9999999999558 	 10.043923781303848 
208.9999999999549 	 10.056811795908477 
209.99999999995399 	 10.06955005383976 
210.99999999995308 	 10.082145260620385 
211.99999999995217 	 10.094632433979939 
212.99999999995126 	 10.106967615491918 
213.99999999995035 	 10.119164961259775 
214.99999999994944 	 10.131237137270805 
215.99999999994853 	 10.14317743800232 
216.99999999994762 	 10.154975432641256 
217.9999999999467 	 10.166652727871822 
218.9999999999458 	 10.17821379404248 
219.9999999999449 	 10.189628828830172 
220.99999999994398 	 10.200929124674108 
221.99999999994307 	 10.212108721109676 
222.99999999994216 	 10.223163892846493 
223.99999999994125 	 10.234089424478027 
224.99999999994034 	 10.244881590713895 
225.99999999993943 	 10.255603721490587 
226.99999999993852 	 10.266185036290848 
227.99999999993761 	 10.276641181334284 
228.9999999999367 	 10.28699152813088 
229.9999999999358 	 10.297233841506404 
230.9999999999349 	 10.307356945589714 
231.99999999993398 	 10.317363075555036 
232.99999999993307 	 10.327267877621976 
233.99999999993216 	 10.337072841906686 
234.99999999993125 	 10.346761577131486 
235.99999999993034 	 10.356334828354452 
236.99999999992943 	 10.365823142956716 
237.99999999992852 	 10.375206404370214 
238.9999999999276 	 10.38447567189803 
239.9999999999267 	 10.393648826934 
240.9999999999258 	 10.40269904738737 
241.99999999992488 	 10.41165986087158 
242.99999999992397 	 10.420562559825836 
243.99999999992306 	 10.429352009952487 
244.99999999992215 	 10.43803491677422 
245.99999999992124 	 10.446617240755646 
246.99999999992033 	 10.45511239294214 
247.99999999991942 	 10.463512922752939 
248.99999999991851 	 10.47182702582688 
249.9999999999176 	 10.480042781234744 
250.9999999999167 	 10.488169129673448 
251.9999999999158 	 10.496217247014133 
252.99999999991488 	 10.504183407966423 
253.99999999991397 	 10.512046005846098 
254.99999999991306 	 10.519811001117773 
255.99999999991215 	 10.527515646685265 
256.99999999991127 	 10.5351338655159 
257.99999999991036 	 10.542666402667756 
258.99999999990945 	 10.550114748256984 
259.99999999990854 	 10.557471451702822 
260.99999999990763 	 10.564743218527957 
261.9999999999067 	 10.57192706850008 
262.9999999999058 	 10.579075155684542 
263.9999999999049 	 10.586151717293674 
264.999999999904 	 10.59312546088827 
265.9999999999031 	 10.600021718442926 
266.9999999999022 	 10.606843470189947 
267.99999999990126 	 10.613586245780876 
268.99999999990035 	 10.620257495796476 
269.99999999989944 	 10.626849769655983 
270.99999999989853 	 10.63338690921784 
271.9999999998976 	 10.639839112158995 
272.9999999998967 	 10.646223514815201 
273.9999999998958 	 10.65251776544417 
274.9999999998949 	 10.658782213750085 
275.999999999894 	 10.665001213513342 
276.9999999998931 	 10.671118140320141 
277.99999999989217 	 10.677145660157779 
278.99999999989126 	 10.683109850058926 
279.99999999989035 	 10.689032316707797 
280.99999999988944 	 10.694882512723265 
281.99999999988853 	 10.700678319499158 
282.9999999998876 	 10.706399620467417 
283.9999999998867 	 10.712059826673416 
284.9999999998858 	 10.717647017187932 
285.9999999998849 	 10.723174603056341 
286.999999999884 	 10.728638113930185 
287.9999999998831 	 10.734020413473706 
288.99999999988216 	 10.739381851391089 
289.99999999988125 	 10.74472764308887 
290.99999999988034 	 10.749978067352878 
291.99999999987944 	 10.755162926506168 
292.9999999998785 	 10.760288926071427 
293.9999999998776 	 10.76535904628096 
294.9999999998767 	 10.770380737715529 
295.9999999998758 	 10.775338354155535 
296.9999999998749 	 10.780250522052881 
297.999999999874 	 10.785097869897587 
298.99999999987307 	 10.789878907573497 
299.99999999987216 	 10.794639828681346 
300.99999999987125 	 10.799330714330019 
301.99999999987034 	 10.803967955797194 
302.99999999986943 	 10.808557513547484 
303.9999999998685 	 10.813093427116277 
304.9999999998676 	 10.817593577897405 
305.9999999998667 	 10.82206392635548 
306.9999999998658 	 10.826487336154745 
307.9999999998649 	 10.830848906133673 
308.999999999864 	 10.835148636292264 
309.99999999986306 	 10.839396957443586 
310.99999999986215 	 10.843588654181108 
311.99999999986125 	 10.847760234350568 
312.99999999986034 	 10.85187817033853 
313.9999999998594 	 10.85594991272576 
314.9999999998585 	 10.85997248127995 
315.9999999998576 	 10.86396673762724 
316.9999999998567 	 10.867907349793033 
317.9999999998558 	 10.871805493648473 
318.9999999998549 	 10.875654463670875 
319.99999999985397 	 10.879453514802163 
320.99999999985306 	 10.883215313029632 
321.99999999985215 	 10.886936878120979 
322.99999999985124 	 10.890605544088906 
323.99999999985033 	 10.894216840584953 
324.9999999998494 	 10.897813980977551 
325.9999999998485 	 10.90140441584746 
326.9999999998476 	 10.904979204497767 
327.9999999998467 	 10.908513014953876 
328.9999999998458 	 10.911989455938103 
329.9999999998449 	 10.91541150768276 
330.99999999984396 	 10.918787365826683 
331.99999999984306 	 10.922128206241016 
332.99999999984215 	 10.92543030363538 
333.99999999984124 	 10.928703343764768 
334.9999999998403 	 10.931939876048414 
335.9999999998394 	 10.935139155428242 
336.9999999998385 	 10.938291496149262 
337.9999999998376 	 10.941425210418371 
338.9999999998367 	 10.944521671783665 
339.9999999998358 	 10.947573429664377 
340.99999999983487 	 10.9505901698155 
341.99999999983396 	 10.953573382353188 
342.99999999983305 	 10.956544673961655 
343.99999999983214 	 10.959477222550152 
344.99999999983123 	 10.962373263292909 
345.9999999998303 	 10.965240991828763 
346.9999999998294 	 10.9680714674608 
347.9999999998285 	 10.97087288582786 
348.9999999998276 	 10.973632580942645 
349.9999999998267 	 10.976355768211688 
350.9999999998258 	 10.979055858680365 
351.99999999982487 	 10.98175669420712 
352.99999999982396 	 10.984435923049658 
353.99999999982305 	 10.987090564975677 
354.99999999982214 	 10.989719129869025 
355.9999999998212 	 10.99230746162625 
356.9999999998203 	 10.994850344840819 
357.9999999998194 	 10.997360445500027 
358.9999999998185 	 10.999833293255419 
359.9999999998176 	 11.002271123281222 
360.9999999998167 	 11.004680641100125 
361.99999999981577 	 11.0070752577575 
362.99999999981486 	 11.009459443601806 
363.99999999981395 	 11.011833198633044 
364.99999999981304 	 11.014163740295853 
365.99999999981213 	 11.016455538938692 
366.9999999998112 	 11.018733926536157 
367.9999999998103 	 11.020982511810569 
368.9999999998094 	 11.023217686039606 
369.9999999998085 	 11.025439449223269 
370.9999999998076 	 11.027613528690045 
371.9999999998067 	 11.02976972676299 
372.99999999980577 	 11.031900592861339 
373.99999999980486 	 11.03401059733355 
374.99999999980395 	 11.036098250063471 
375.99999999980304 	 11.038160570818796 
376.9999999998021 	 11.040187128786457 
377.9999999998012 	 11.042201020766818 
378.9999999998003 	 11.04418436536605 
379.9999999997994 	 11.04615206374568 
380.9999999997985 	 11.0481011356734 
381.9999999997976 	 11.050023385510372 
382.99999999979667 	 11.051916578082366 
383.99999999979576 	 11.053786673853994 
384.99999999979485 	 11.05562473212834 
385.99999999979394 	 11.057433733137707 
386.99999999979303 	 11.059247204495533 
387.9999999997921 	 11.061035343878762 
388.9999999997912 	 11.062841364655824 
389.9999999997903 	 11.064626523806748 
390.9999999997894 	 11.066413918131902 
391.9999999997885 	 11.068201312457056 
392.9999999997876 	 11.069948473646086 
393.99999999978667 	 11.071659872047452 
394.99999999978576 	 11.07335040882268 
395.99999999978485 	 11.07502455432023 
396.99999999978394 	 11.076672622785106 
397.99999999978303 	 11.078299829623845 
398.9999999997821 	 11.079902449546065 
399.9999999997812 	 11.081482717725994 
400.9999999997803 	 11.083043614395939 
401.9999999997794 	 11.084592590136662 
402.9999999997785 	 11.086120704251247 
403.9999999997776 	 11.087629446855846 
404.99999999977666 	 11.08912924876353 
405.99999999977575 	 11.09061563962584 
406.99999999977484 	 11.09208563921047 
407.99999999977393 	 11.093539247517421 
408.999999999773 	 11.094975719488616 
409.9999999997721 	 11.096394310065978 
410.9999999997712 	 11.097793529133355 
411.9999999997703 	 11.099178592097282 
412.9999999997694 	 11.1005450286093 
413.9999999997685 	 11.10189656395979 
414.99999999976757 	 11.10324213884567 
415.99999999976666 	 11.104583243383093 
416.99999999976575 	 11.105922112746287 
417.99999999976484 	 11.107221494031434 
418.99999999976393 	 11.108499268632366 
419.999999999763 	 11.109762142071773 
420.9999999997621 	 11.111002663768888 
421.9999999997612 	 11.112232754652934 
422.9999999997603 	 11.113433788272005 
423.9999999997594 	 11.11463780212338 
424.9999999997585 	 11.115832130219761 
425.99999999975756 	 11.11702943854845 
426.99999999975665 	 11.118219296296372 
427.99999999975574 	 11.119405428753915 
428.99999999975483 	 11.120563994062634 
429.9999999997539 	 11.121715108790587 
430.999999999753 	 11.122840891543946 
431.9999999997521 	 11.123950283019624 
432.9999999997512 	 11.12504626344993 
433.9999999997503 	 11.1261370284737 
434.9999999997494 	 11.127215127510171 
435.99999999974847 	 11.128285030907804 
436.99999999974756 	 11.129337052911604 
437.99999999974665 	 11.130371938579648 
438.99999999974574 	 11.131397883550775 
439.99999999974483 	 11.132422338405751 
440.9999999997439 	 11.133425186576513 
441.999999999743 	 11.134421329224587 
442.9999999997421 	 11.135398845420752 
443.9999999997412 	 11.136359970339239 
444.9999999997403 	 11.13730768421235 
445.9999999997394 	 11.13823155622702 
446.99999999973846 	 11.139150212835153 
447.99999999973755 	 11.1400621639206 
448.99999999973664 	 11.140965919367208 
449.99999999973573 	 11.141872655046122 
450.9999999997348 	 11.142783861073491 
451.9999999997339 	 11.143678675823184 
452.999999999733 	 11.144577960921332 
453.9999999997321 	 11.145472030612947 
454.9999999997312 	 11.146365355246486 
455.9999999997303 	 11.147260169996176 
456.99999999972937 	 11.148141573700494 
457.99999999972846 	 11.149008076243284 
458.99999999972755 	 11.149869363379539 
459.99999999972664 	 11.150718729586574 
460.99999999972573 	 11.151557664980539 
461.9999999997248 	 11.152378718980671 
462.9999999997239 	 11.15318636193543 
463.999999999723 	 11.153990279599808 
464.9999999997221 	 11.154774080696123 
465.9999999997212 	 11.155549686153599 
466.9999999997203 	 11.156311880565701 
467.99999999971936 	 11.15707258486165 
468.99999999971845 	 11.157822858344531 
469.99999999971755 	 11.158555995491655 
470.99999999971664 	 11.159280191941862 
471.9999999997157 	 11.15999619275323 
472.9999999997148 	 11.160710703448446 
473.9999999997139 	 11.16140286240137 
474.999999999713 	 11.162087570773533 
475.9999999997121 	 11.162768553855313 
476.9999999997112 	 11.163430910485184 
477.99999999971027 	 11.164088796766597 
478.99999999970936 	 11.164734017060713 
479.99999999970845 	 11.16536284607715 
480.99999999970754 	 11.165981244280516 
481.99999999970663 	 11.166590701786967 
482.9999999997057 	 11.167204629641876 
483.9999999997048 	 11.167812597032174 
484.9999999997039 	 11.168414603957862 
485.999999999703 	 11.169013630651243 
486.9999999997021 	 11.169612657344626 
487.9999999997012 	 11.170215409328389 
488.99999999970026 	 11.17081071073139 
489.99999999969936 	 11.171412717657077 
490.99999999969845 	 11.172008764118154 
491.99999999969754 	 11.172604065521153 
492.9999999996966 	 11.173200857040307 
493.9999999996957 	 11.173786472688313 
494.9999999996948 	 11.174358677290947 
495.9999999996939 	 11.17492492142897 
496.999999999693 	 11.175485205102381 
497.9999999996921 	 11.176035057962725 
498.99999999969117 	 11.176571499777694 
499.99999999969026 	 11.177100491011899 
500.99999999968935 	 11.177628737188028 
501.99999999968844 	 11.178139101970325 
502.99999999968753 	 11.17865393710108 
503.9999999996866 	 11.17915983153492 
504.9999999996857 	 11.179657530329917 
505.9999999996848 	 11.180150013718382 
506.9999999996839 	 11.180632066293779 
507.999999999683 	 11.181105178172258 
508.9999999996821 	 11.181572329586126 
509.99999999968117 	 11.182040226058072 
510.99999999968026 	 11.182502162065406 
511.99999999967935 	 11.18296037278236 
512.9999999996785 	 11.183419328557388 
513.9999999996776 	 11.183866363403196 
514.9999999996767 	 11.184314143307079 
515.9999999996758 	 11.184770118849803 
516.9999999996749 	 11.185218643811762 
517.999999999674 	 11.185670149006029 
518.999999999673 	 11.186115693735683 
519.9999999996721 	 11.186564218697644 
520.9999999996712 	 11.187008273311145 
521.9999999996703 	 11.187442642169655 
522.9999999996694 	 11.187864345040866 
523.9999999996685 	 11.188286792970155 
524.9999999996676 	 11.188692104563687 
525.9999999996667 	 11.189098161215295 
526.9999999996658 	 11.18949676728614 
527.9999999996649 	 11.189890903008527 
528.9999999996639 	 11.190276843092073 
529.999999999663 	 11.190663528233697 
530.9999999996621 	 11.191033077039565 
531.9999999996612 	 11.19140709619389 
532.9999999996603 	 11.191776644999758 
533.9999999996594 	 11.192141723457167 
534.9999999996585 	 11.192499351333813 
535.9999999996576 	 11.192861449558917 
536.9999999996567 	 11.193214607087105 
537.9999999996558 	 11.19356850967337 
538.9999999996548 	 11.193916451795022 
539.9999999996539 	 11.194253218045532 
540.999999999653 	 11.194595199702574 
541.9999999996521 	 11.194926750546548 
542.9999999996512 	 11.19525681127437 
543.9999999996503 	 11.195577931305273 
544.9999999996494 	 11.195898306278103 
545.9999999996485 	 11.196219426309007 
546.9999999996476 	 11.196536075991455 
547.9999999996467 	 11.196852725673901 
548.9999999996458 	 11.197167140182119 
549.9999999996448 	 11.197471868935345 
550.9999999996439 	 11.19777659768857 
551.999999999643 	 11.198079091267566 
552.9999999996421 	 11.198378604614257 
553.9999999996412 	 11.198678863019024 
554.9999999996403 	 11.19897539613341 
555.9999999996394 	 11.199268203957415 
556.9999999996385 	 11.199559521665265 
557.9999999996376 	 11.199844878908506 
558.9999999996367 	 11.200122785570983 
559.9999999996357 	 11.200391751536543 
560.9999999996348 	 11.20066146256018 
561.9999999996339 	 11.20092446806113 
562.999999999633 	 11.201190453794386 
563.9999999996321 	 11.201446753772649 
564.9999999996312 	 11.201700818576683 
565.9999999996303 	 11.201953393264564 
566.9999999996294 	 11.202205222894369 
567.9999999996285 	 11.202448856885335 
568.9999999996276 	 11.20269025570207 
569.9999999996267 	 11.202931654518807 
570.9999999996257 	 11.203165602754778 
571.9999999996248 	 11.20340178616498 
572.9999999996239 	 11.203635734400953 
573.999999999623 	 11.203861486998086 
574.9999999996221 	 11.204089474769447 
575.9999999996212 	 11.204311502076198 
576.9999999996203 	 11.204527568918339 
577.9999999996194 	 11.204742890702402 
578.9999999996185 	 11.204958957544543 
579.9999999996176 	 11.205166828747844 
580.9999999996166 	 11.205374699951143 
581.9999999996157 	 11.205587041502902 
582.9999999996148 	 11.205792677531974 
583.9999999996139 	 11.205994588270663 
584.999999999613 	 11.206189793486665 
585.9999999996121 	 11.206387978934973 
586.9999999996112 	 11.206584674267129 
587.9999999996103 	 11.206781369599284 
588.9999999996094 	 11.206973594582982 
589.9999999996085 	 11.207169544857061 
590.9999999996076 	 11.20735506431807 
591.9999999996066 	 11.207545799185615 
592.9999999996057 	 11.207735043937006 
593.9999999996048 	 11.207915347991483 
594.9999999996039 	 11.208098632278263 
595.999999999603 	 11.20827893633274 
596.9999999996021 	 11.208457005212987 
597.9999999996012 	 11.208637309267461 
598.9999999996003 	 11.208811652857326 
599.9999999995994 	 11.20898227115681 
600.9999999995985 	 11.209155869688598 
601.9999999995975 	 11.209326487988081 
602.9999999995966 	 11.209496361229489 
603.9999999995957 	 11.20965729377398 
604.9999999995948 	 11.209830147247692 
605.9999999995939 	 11.209994060024487 
606.999999999593 	 11.210154992568977 
607.9999999995921 	 11.210316670171546 
608.9999999995912 	 11.21047462248373 
609.9999999995903 	 11.210627359389381 
610.9999999995894 	 11.210778606178879 
611.9999999995885 	 11.21092538261992 
612.9999999995875 	 11.21107811952557 
613.9999999995866 	 11.211225641024686 
614.9999999995857 	 11.211372417465727 
615.9999999995848 	 11.21151472355831 
616.9999999995839 	 11.211660754941272 
617.999999999583 	 11.211796355511167 
618.9999999995821 	 11.21193642642952 
619.9999999995812 	 11.212072026999415 
620.9999999995803 	 11.212209117685463 
621.9999999995794 	 11.212339502848824 
622.9999999995784 	 11.212467652837955 
623.9999999995775 	 11.212595802827087 
624.9999999995766 	 11.212722462700064 
625.9999999995757 	 11.212842417050357 
626.9999999995748 	 11.212967586807183 
627.9999999995739 	 11.213089031273627 
628.999999999573 	 11.213207495507767 
629.9999999995721 	 11.213322234451523 
630.9999999995712 	 11.21343920856951 
631.9999999995703 	 11.213552457397114 
632.9999999995694 	 11.213660490818185 
633.9999999995684 	 11.21377150447156 
634.9999999995675 	 11.213877302718402 
635.9999999995666 	 11.213984591081395 
636.9999999995657 	 11.214094859676694 
637.9999999995648 	 11.214199912865459 
638.9999999995639 	 11.214309436402681 
639.999999999563 	 11.21440778406876 
640.9999999995621 	 11.214500916328303 
641.9999999995612 	 11.214590323297465 
642.9999999995603 	 11.214685690731237 
643.9999999995593 	 11.214773607584245 
644.9999999995584 	 11.214863759611482 
645.9999999995575 	 11.214947206116033 
646.9999999995566 	 11.215028417446355 
647.9999999995557 	 11.21511707935744 
648.9999999995548 	 11.215175193887395 
649.9999999995539 	 11.215262365682328 
650.999999999553 	 11.215347302303032 
651.9999999995521 	 11.215418082820284 
652.9999999995512 	 11.215507489789445 
653.9999999995503 	 11.215574545016317 
654.9999999995493 	 11.215625954023585 
655.9999999995484 	 11.215701949947372 
656.9999999995475 	 11.215776455755007 
657.9999999995466 	 11.215847236272259 
658.9999999995457 	 11.215915036557206 
659.9999999995448 	 11.215979856609849 
660.9999999995439 	 11.216041696430185 
661.999999999543 	 11.216098320843988 
662.9999999995421 	 11.216148984793179 
663.9999999995412 	 11.216194433335836 
664.9999999995403 	 11.216244352226951 
665.9999999995393 	 11.216303956873059 
666.9999999995384 	 11.21635238564802 
667.9999999995375 	 11.216412735352206 
668.9999999995366 	 11.21647308505639 
669.9999999995357 	 11.216527474295964 
670.9999999995348 	 11.216554296386711 
671.9999999995339 	 11.216620606555505 
672.999999999533 	 11.216655624285094 
673.9999999995321 	 11.216702562943905 
674.9999999995312 	 11.216742051021951 
675.9999999995302 	 11.216780048983845 
676.9999999995293 	 11.21680761613267 
677.9999999995284 	 11.216849339384945 
678.9999999995275 	 11.21688510217261 
679.9999999995266 	 11.216922355076425 
680.9999999995257 	 11.216967803619083 
681.9999999995248 	 11.216976744316 
682.9999999995239 	 11.217034113787879 
683.999999999523 	 11.217080307388612 
684.9999999995221 	 11.217103404188977 
685.9999999995212 	 11.217153323080094 
686.9999999995202 	 11.217207712319667 
687.9999999995193 	 11.217243475107331 
688.9999999995184 	 11.217257631210781 
689.9999999995175 	 11.217290413766142 
690.9999999995166 	 11.217320216089195 
691.9999999995157 	 11.217326176553806 
692.9999999995148 	 11.217347783238019 
693.9999999995139 	 11.217361194283393 
694.999999999513 	 11.217396212012982 
695.999999999512 	 11.217446130904097 
696.9999999995111 	 11.217470717820616 
697.9999999995102 	 11.217487109098297 
698.9999999995093 	 11.217522871885961 
699.9999999995084 	 11.21753926316364 
700.9999999995075 	 11.217585456764374 
701.9999999995066 	 11.217613023913199 
702.9999999995057 	 11.217642081178177 
703.9999999995048 	 11.217654002107398 
704.9999999995039 	 11.217676353849688 
705.999999999503 	 11.217705411114665 
706.999999999502 	 11.217721057334268 
707.9999999995011 	 11.217755330005781 
708.9999999995002 	 11.21778811256114 
709.9999999994993 	 11.217805993954972 
710.9999999994984 	 11.217834306161873 
711.9999999994975 	 11.217838776510332 
712.9999999994966 	 11.217855167788011 
713.9999999994957 	 11.217855167788011 
714.9999999994948 	 11.217856657904164 
715.9999999994939 	 11.217870068949537 
716.999999999493 	 11.217879009646454 
717.999999999492 	 11.21790434162105 
718.9999999994911 	 11.217905831737202 
719.9999999994902 	 11.217905831737202 
720.9999999994893 	 11.217905831737202 
721.9999999994884 	 11.217917007608348 
722.9999999994875 	 11.217917752666423 
723.9999999994866 	 11.217951280279859 
724.9999999994857 	 11.217977357312531 
725.9999999994848 	 11.21799821893867 
726.9999999994839 	 11.21799821893867 
727.999999999483 	 11.21802057068096 
728.999999999482 	 11.21803472678441 
729.9999999994811 	 11.21803472678441 
730.9999999994802 	 11.21804292242325 
731.9999999994793 	 11.21805335323632 
732.9999999994784 	 11.218085390733602 
733.9999999994775 	 11.218092096256289 
734.9999999994766 	 11.218102527069357 
735.9999999994757 	 11.218106997417816 
736.9999999994748 	 11.218122643637418 
737.9999999994739 	 11.218142760205481 
738.999999999473 	 11.218142760205481 
739.999999999472 	 11.21815915148316 
740.9999999994711 	 11.218180013109297 
741.9999999994702 	 11.218192679096596 
742.9999999994693 	 11.218197149445054 
743.9999999994684 	 11.218197149445054 
744.9999999994675 	 11.218197149445054 
745.9999999994666 	 11.218197149445054 
746.9999999994657 	 11.218197149445054 
747.9999999994648 	 11.218197149445054 
748.9999999994639 	 11.218202364851589 
749.999999999463 	 11.218215775896962 
750.999999999462 	 11.218215775896962 
751.9999999994611 	 11.218221736361572 
752.9999999994602 	 11.218226951768107 
753.9999999994593 	 11.218233657290794 
754.9999999994584 	 11.218233657290794 
755.9999999994575 	 11.218233657290794 
756.9999999994566 	 11.218233657290794 
757.9999999994557 	 11.218233657290794 
758.9999999994548 	 11.218233657290794 
759.9999999994538 	 11.218233657290794 
760.9999999994529 	 11.218233657290794 
761.999999999452 	 11.218233657290794 
762.9999999994511 	 11.218233657290794 
763.9999999994502 	 11.218233657290794 
764.9999999994493 	 11.218233657290794 
765.9999999994484 	 11.218233657290794 
766.9999999994475 	 11.218233657290794 
767.9999999994466 	 11.218233657290794 
768.9999999994457 	 11.218233657290794 
769.9999999994448 	 11.218233657290794 
770.9999999994438 	 11.218233657290794 
771.9999999994429 	 11.218233657290794 
772.999999999442 	 11.218233657290794 
773.9999999994411 	 11.218233657290794 
774.9999999994402 	 11.218233657290794 
775.9999999994393 	 11.218233657290794 
776.9999999994384 	 11.218233657290794 
777.9999999994375 	 11.218233657290794 
778.9999999994366 	 11.218233657290794 
779.9999999994357 	 11.218233657290794 
780.9999999994347 	 11.218233657290794 
781.9999999994338 	 11.218233657290794 
782.9999999994329 	 11.218233657290794 
783.999999999432 	 11.218233657290794 
784.9999999994311 	 11.218233657290794 
785.9999999994302 	 11.218233657290794 
786.9999999994293 	 11.218233657290794 
787.9999999994284 	 11.218233657290794 
788.9999999994275 	 11.218233657290794 
789.9999999994266 	 11.218233657290794 
790.9999999994257 	 11.218233657290794 
791.9999999994247 	 11.218233657290794 
792.9999999994238 	 11.218233657290794 
793.9999999994229 	 11.218233657290794 
794.999999999422 	 11.218233657290794 
795.9999999994211 	 11.218233657290794 
796.9999999994202 	 11.218233657290794 
797.9999999994193 	 11.218233657290794 
798.9999999994184 	 11.218233657290794 
799.9999999994175 	 11.218233657290794 
800.9999999994166 	 11.218233657290794 
801.9999999994156 	 11.218233657290794 
802.9999999994147 	 11.218233657290794 
803.9999999994138 	 11.218233657290794 
804.9999999994129 	 11.218233657290794 
805.999999999412 	 11.218233657290794 
806.9999999994111 	 11.218233657290794 
807.9999999994102 	 11.218233657290794 
808.9999999994093 	 11.218233657290794 
809.9999999994084 	 11.218233657290794 
810.9999999994075 	 11.218233657290794 
811.9999999994066 	 11.218233657290794 
812.9999999994056 	 11.218233657290794 
813.9999999994047 	 11.218233657290794 
814.9999999994038 	 11.218233657290794 
815.9999999994029 	 11.218233657290794 
816.999999999402 	 11.218233657290794 
817.9999999994011 	 11.218233657290794 
818.9999999994002 	 11.218233657290794 
819.9999999993993 	 11.218233657290794 
820.9999999993984 	 11.218233657290794 
821.9999999993975 	 11.218233657290794 
822.9999999993966 	 11.218233657290794 
823.9999999993956 	 11.218233657290794 
824.9999999993947 	 11.218233657290794 
825.9999999993938 	 11.218233657290794 
826.9999999993929 	 11.218233657290794 
827.999999999392 	 11.218233657290794 
828.9999999993911 	 11.218233657290794 
829.9999999993902 	 11.218233657290794 
830.9999999993893 	 11.218233657290794 
831.9999999993884 	 11.218233657290794 
832.9999999993875 	 11.218233657290794 
833.9999999993865 	 11.218233657290794 
834.9999999993856 	 11.218233657290794 
835.9999999993847 	 11.218233657290794 
836.9999999993838 	 11.218233657290794 
837.9999999993829 	 11.218233657290794 
838.999999999382 	 11.218233657290794 
839.9999999993811 	 11.218233657290794 
840.9999999993802 	 11.218233657290794 
841.9999999993793 	 11.218233657290794 
842.9999999993784 	 11.218233657290794 
843.9999999993775 	 11.218233657290794 
844.9999999993765 	 11.218233657290794 
845.9999999993756 	 11.218233657290794 
846.9999999993747 	 11.218233657290794 
847.9999999993738 	 11.218233657290794 
848.9999999993729 	 11.218233657290794 
849.999999999372 	 11.218233657290794 
850.9999999993711 	 11.218233657290794 
851.9999999993702 	 11.218233657290794 
852.9999999993693 	 11.218233657290794 
853.9999999993684 	 11.218233657290794 
854.9999999993674 	 11.218233657290794 
855.9999999993665 	 11.218233657290794 
856.9999999993656 	 11.218233657290794 
857.9999999993647 	 11.218233657290794 
858.9999999993638 	 11.218233657290794 
859.9999999993629 	 11.218233657290794 
860.999999999362 	 11.218233657290794 
861.9999999993611 	 11.218233657290794 
862.9999999993602 	 11.218233657290794 
863.9999999993593 	 11.218233657290794 
864.9999999993584 	 11.218233657290794 
865.9999999993574 	 11.218233657290794 
866.9999999993565 	 11.218233657290794 
867.9999999993556 	 11.218233657290794 
868.9999999993547 	 11.218233657290794 
869.9999999993538 	 11.218233657290794 
870.9999999993529 	 11.218233657290794 
871.999999999352 	 11.218233657290794 
872.9999999993511 	 11.218233657290794 
873.9999999993502 	 11.218233657290794 
874.9999999993493 	 11.218233657290794 
875.9999999993483 	 11.218233657290794 
876.9999999993474 	 11.218233657290794 
877.9999999993465 	 11.218233657290794 
878.9999999993456 	 11.218233657290794 
879.9999999993447 	 11.218233657290794 
880.9999999993438 	 11.218233657290794 
881.9999999993429 	 11.218233657290794 
882.999999999342 	 11.218233657290794 
883.9999999993411 	 11.218233657290794 
884.9999999993402 	 11.218233657290794 
885.9999999993393 	 11.218233657290794 
886.9999999993383 	 11.218233657290794 
887.9999999993374 	 11.218233657290794 
888.9999999993365 	 11.218233657290794 
889.9999999993356 	 11.218233657290794 
890.9999999993347 	 11.218233657290794 
891.9999999993338 	 11.218233657290794 
892.9999999993329 	 11.218233657290794 
893.999999999332 	 11.218233657290794 
894.9999999993311 	 11.218233657290794 
895.9999999993302 	 11.218233657290794 
896.9999999993292 	 11.218233657290794 
897.9999999993283 	 11.218233657290794 
898.9999999993274 	 11.218233657290794 
899.9999999993265 	 11.218233657290794 
900.9999999993256 	 11.218233657290794 
901.9999999993247 	 11.218233657290794 
902.9999999993238 	 11.218233657290794 
903.9999999993229 	 11.218233657290794 
904.999999999322 	 11.218233657290794 
905.9999999993211 	 11.218233657290794 
906.9999999993202 	 11.218233657290794 
907.9999999993192 	 11.218233657290794 
908.9999999993183 	 11.218233657290794 
909.9999999993174 	 11.218233657290794 
910.9999999993165 	 11.218233657290794 
911.9999999993156 	 11.218233657290794 
912.9999999993147 	 11.218233657290794 
913.9999999993138 	 11.218233657290794 
914.9999999993129 	 11.218233657290794 
915.999999999312 	 11.218233657290794 
916.9999999993111 	 11.218233657290794 
917.9999999993101 	 11.218233657290794 
918.9999999993092 	 11.218233657290794 
919.9999999993083 	 11.218233657290794 
920.9999999993074 	 11.218233657290794 
921.9999999993065 	 11.218233657290794 
922.9999999993056 	 11.218233657290794 
923.9999999993047 	 11.218233657290794 
924.9999999993038 	 11.218233657290794 
925.9999999993029 	 11.218233657290794 
926.999999999302 	 11.218233657290794 
927.999999999301 	 11.218233657290794 
928.9999999993001 	 11.218233657290794 
929.9999999992992 	 11.218233657290794 
930.9999999992983 	 11.218233657290794 
931.9999999992974 	 11.218233657290794 
932.9999999992965 	 11.218233657290794 
933.9999999992956 	 11.218233657290794 
934.9999999992947 	 11.218233657290794 
935.9999999992938 	 11.218233657290794 
936.9999999992929 	 11.218233657290794 
937.999999999292 	 11.218233657290794 
938.999999999291 	 11.218233657290794 
939.9999999992901 	 11.218233657290794 
940.9999999992892 	 11.218233657290794 
941.9999999992883 	 11.218233657290794 
942.9999999992874 	 11.218233657290794 
943.9999999992865 	 11.218233657290794 
944.9999999992856 	 11.218233657290794 
945.9999999992847 	 11.218233657290794 
946.9999999992838 	 11.218233657290794 
947.9999999992829 	 11.218233657290794 
948.999999999282 	 11.218233657290794 
949.999999999281 	 11.218233657290794 
950.9999999992801 	 11.218233657290794 
951.9999999992792 	 11.218233657290794 
952.9999999992783 	 11.218233657290794 
953.9999999992774 	 11.218233657290794 
954.9999999992765 	 11.218233657290794 
955.9999999992756 	 11.218233657290794 
956.9999999992747 	 11.218233657290794 
957.9999999992738 	 11.218233657290794 
958.9999999992729 	 11.218233657290794 
959.999999999272 	 11.218233657290794 
960.999999999271 	 11.218233657290794 
961.9999999992701 	 11.218233657290794 
962.9999999992692 	 11.218233657290794 
963.9999999992683 	 11.218233657290794 
964.9999999992674 	 11.218233657290794 
965.9999999992665 	 11.218233657290794 
966.9999999992656 	 11.218233657290794 
967.9999999992647 	 11.218233657290794 
968.9999999992638 	 11.218233657290794 
969.9999999992629 	 11.218233657290794 
970.999999999262 	 11.218233657290794 
971.999999999261 	 11.218233657290794 
972.9999999992601 	 11.218233657290794 
973.9999999992592 	 11.218233657290794 
974.9999999992583 	 11.218233657290794 
975.9999999992574 	 11.218233657290794 
976.9999999992565 	 11.218233657290794 
977.9999999992556 	 11.218233657290794 
978.9999999992547 	 11.218233657290794 
979.9999999992538 	 11.218233657290794 
980.9999999992529 	 11.218233657290794 
981.9999999992519 	 11.218233657290794 
982.999999999251 	 11.218233657290794 
983.9999999992501 	 11.218233657290794 
984.9999999992492 	 11.218233657290794 
985.9999999992483 	 11.218233657290794 
986.9999999992474 	 11.218233657290794 
987.9999999992465 	 11.218233657290794 
988.9999999992456 	 11.218233657290794 
989.9999999992447 	 11.218233657290794 
990.9999999992438 	 11.218233657290794 
991.9999999992428 	 11.218233657290794 
992.9999999992419 	 11.218233657290794 
993.999999999241 	 11.218233657290794 
994.9999999992401 	 11.218233657290794 
995.9999999992392 	 11.218233657290794 
996.9999999992383 	 11.218233657290794 
997.9999999992374 	 11.218233657290794 
998.9999999992365 	 11.218233657290794 
999.9999999992356 	 11.218233657290794 
1000.9999999992347 	 11.218233657290794 
1001.9999999992338 	 11.218233657290794 
1002.9999999992328 	 11.218233657290794 
1003.9999999992319 	 11.218233657290794 
1004.999999999231 	 11.218233657290794 
1005.9999999992301 	 11.218233657290794 
1006.9999999992292 	 11.218233657290794 
1007.9999999992283 	 11.218233657290794 
1008.9999999992274 	 11.218233657290794 
1009.9999999992265 	 11.218233657290794 
1010.9999999992256 	 11.218233657290794 
1011.9999999992247 	 11.218233657290794 
1012.9999999992237 	 11.218233657290794 
1013.9999999992228 	 11.218233657290794 
1014.9999999992219 	 11.218233657290794 
1015.999999999221 	 11.218233657290794 
1016.9999999992201 	 11.218233657290794 
1017.9999999992192 	 11.218233657290794 
1018.9999999992183 	 11.218233657290794 
1019.9999999992174 	 11.218233657290794 
1020.9999999992165 	 11.218233657290794 
1021.9999999992156 	 11.218233657290794 
1022.9999999992147 	 11.218233657290794 
1023.9999999992137 	 11.218233657290794 
1024.9999999992128 	 11.218233657290794 
1025.999999999212 	 11.218233657290794 
1026.999999999211 	 11.218233657290794 
1027.99999999921 	 11.218233657290794 
1028.9999999992092 	 11.218233657290794 
1029.9999999992083 	 11.218233657290794 
1030.9999999992074 	 11.218233657290794 
1031.9999999992065 	 11.218233657290794 
1032.9999999992056 	 11.218233657290794 
1033.9999999992046 	 11.218233657290794 
1034.9999999992037 	 11.218233657290794 
1035.9999999992028 	 11.218233657290794 
1036.999999999202 	 11.218233657290794 
1037.999999999201 	 11.218233657290794 
1038.9999999992 	 11.218233657290794 
1039.9999999991992 	 11.218233657290794 
1040.9999999991983 	 11.218233657290794 
1041.9999999991974 	 11.218233657290794 
1042.9999999991965 	 11.218233657290794 
1043.9999999991956 	 11.218233657290794 
1044.9999999991946 	 11.218233657290794 
1045.9999999991937 	 11.218233657290794 
1046.9999999991928 	 11.218233657290794 
1047.999999999192 	 11.218233657290794 
1048.999999999191 	 11.218233657290794 
1049.99999999919 	 11.218233657290794 
1050.9999999991892 	 11.218233657290794 
1051.9999999991883 	 11.218233657290794 
1052.9999999991874 	 11.218233657290794 
1053.9999999991865 	 11.218233657290794 
1054.9999999991855 	 11.218233657290794 
1055.9999999991846 	 11.218233657290794 
1056.9999999991837 	 11.218233657290794 
1057.9999999991828 	 11.218233657290794 
1058.999999999182 	 11.218233657290794 
1059.999999999181 	 11.218233657290794 
1060.99999999918 	 11.218233657290794 
1061.9999999991792 	 11.218233657290794 
1062.9999999991783 	 11.218233657290794 
1063.9999999991774 	 11.218233657290794 
1064.9999999991765 	 11.218233657290794 
1065.9999999991755 	 11.218233657290794 
1066.9999999991746 	 11.218233657290794 
1067.9999999991737 	 11.218233657290794 
1068.9999999991728 	 11.218233657290794 
1069.999999999172 	 11.218233657290794 
1070.999999999171 	 11.218233657290794 
1071.99999999917 	 11.218233657290794 
1072.9999999991692 	 11.218233657290794 
1073.9999999991683 	 11.218233657290794 
1074.9999999991674 	 11.218233657290794 
1075.9999999991664 	 11.218233657290794 
1076.9999999991655 	 11.218233657290794 
1077.9999999991646 	 11.218233657290794 
1078.9999999991637 	 11.218233657290794 
1079.9999999991628 	 11.218233657290794 
1080.999999999162 	 11.218233657290794 
1081.999999999161 	 11.218233657290794 
1082.99999999916 	 11.218233657290794 
1083.9999999991592 	 11.218233657290794 
1084.9999999991583 	 11.218233657290794 
1085.9999999991574 	 11.218233657290794 
1086.9999999991564 	 11.218233657290794 
1087.9999999991555 	 11.218233657290794 
1088.9999999991546 	 11.218233657290794 
1089.9999999991537 	 11.218233657290794 
1090.9999999991528 	 11.218233657290794 
1091.999999999152 	 11.218233657290794 
1092.999999999151 	 11.218233657290794 
1093.99999999915 	 11.218233657290794 
1094.9999999991492 	 11.218233657290794 
1095.9999999991483 	 11.218233657290794 
1096.9999999991473 	 11.218233657290794 
1097.9999999991464 	 11.218233657290794 
1098.9999999991455 	 11.218233657290794 
1099.9999999991446 	 11.218233657290794 
1100.9999999991437 	 11.218233657290794 
1101.9999999991428 	 11.218233657290794 
1102.999999999142 	 11.218233657290794 
1103.999999999141 	 11.218233657290794 
1104.99999999914 	 11.218233657290794 
1105.9999999991392 	 11.218233657290794 
1106.9999999991383 	 11.218233657290794 
1107.9999999991373 	 11.218233657290794 
1108.9999999991364 	 11.218233657290794 
1109.9999999991355 	 11.218233657290794 
1110.9999999991346 	 11.218233657290794 
1111.9999999991337 	 11.218233657290794 
1112.9999999991328 	 11.218233657290794 
1113.999999999132 	 11.218233657290794 
1114.999999999131 	 11.218233657290794 
1115.99999999913 	 11.218233657290794 
1116.9999999991292 	 11.218233657290794 
1117.9999999991282 	 11.218233657290794 
1118.9999999991273 	 11.218233657290794 
1119.9999999991264 	 11.218233657290794 
1120.9999999991255 	 11.218233657290794 
1121.9999999991246 	 11.218233657290794 
1122.9999999991237 	 11.218233657290794 
1123.9999999991228 	 11.218233657290794 
1124.9999999991219 	 11.218233657290794 
1125.999999999121 	 11.218233657290794 
1126.99999999912 	 11.218233657290794 
1127.9999999991192 	 11.218233657290794 
1128.9999999991182 	 11.218233657290794 
1129.9999999991173 	 11.218233657290794 
1130.9999999991164 	 11.218233657290794 
1131.9999999991155 	 11.218233657290794 
1132.9999999991146 	 11.218233657290794 
1133.9999999991137 	 11.218233657290794 
1134.9999999991128 	 11.218233657290794 
1135.9999999991119 	 11.218233657290794 
1136.999999999111 	 11.218233657290794 
1137.99999999911 	 11.218233657290794 
1138.9999999991091 	 11.218233657290794 
1139.9999999991082 	 11.218233657290794 
1140.9999999991073 	 11.218233657290794 
1141.9999999991064 	 11.218233657290794 
1142.9999999991055 	 11.218233657290794 
1143.9999999991046 	 11.218233657290794 
1144.9999999991037 	 11.218233657290794 
1145.9999999991028 	 11.218233657290794 
1146.9999999991019 	 11.218233657290794 
1147.999999999101 	 11.218233657290794 
1148.9999999991 	 11.218233657290794 
1149.9999999990991 	 11.218233657290794 
1150.9999999990982 	 11.218233657290794 
1151.9999999990973 	 11.218233657290794 
1152.9999999990964 	 11.218233657290794 
1153.9999999990955 	 11.218233657290794 
1154.9999999990946 	 11.218233657290794 
1155.9999999990937 	 11.218233657290794 
1156.9999999990928 	 11.218233657290794 
1157.9999999990919 	 11.218233657290794 
1158.999999999091 	 11.218233657290794 
1159.99999999909 	 11.218233657290794 
1160.9999999990891 	 11.218233657290794 
1161.9999999990882 	 11.218233657290794 
1162.9999999990873 	 11.218233657290794 
1163.9999999990864 	 11.218233657290794 
1164.9999999990855 	 11.218233657290794 
1165.9999999990846 	 11.218233657290794 
1166.9999999990837 	 11.218233657290794 
1167.9999999990828 	 11.218233657290794 
1168.9999999990819 	 11.218233657290794 
1169.999999999081 	 11.218233657290794 
1170.99999999908 	 11.218233657290794 
1171.9999999990791 	 11.218233657290794 
1172.9999999990782 	 11.218233657290794 
1173.9999999990773 	 11.218233657290794 
1174.9999999990764 	 11.218233657290794 
1175.9999999990755 	 11.218233657290794 
1176.9999999990746 	 11.218233657290794 
1177.9999999990737 	 11.218233657290794 
1178.9999999990728 	 11.218233657290794 
1179.9999999990719 	 11.218233657290794 
1180.999999999071 	 11.218233657290794 
1181.99999999907 	 11.218233657290794 
1182.9999999990691 	 11.218233657290794 
1183.9999999990682 	 11.218233657290794 
1184.9999999990673 	 11.218233657290794 
1185.9999999990664 	 11.218233657290794 
1186.9999999990655 	 11.218233657290794 
1187.9999999990646 	 11.218233657290794 
1188.9999999990637 	 11.218233657290794 
1189.9999999990628 	 11.218233657290794 
1190.9999999990619 	 11.218233657290794 
1191.999999999061 	 11.218233657290794 
1192.99999999906 	 11.218233657290794 
1193.9999999990591 	 11.218233657290794 
1194.9999999990582 	 11.218233657290794 
1195.9999999990573 	 11.218233657290794 
1196.9999999990564 	 11.218233657290794 
1197.9999999990555 	 11.218233657290794 
1198.9999999990546 	 11.218233657290794 
1199.9999999990537 	 11.218233657290794 
1200.9999999990528 	 11.218233657290794 
1201.9999999990519 	 11.218233657290794 
1202.999999999051 	 11.218233657290794 
1203.99999999905 	 11.218233657290794 
1204.9999999990491 	 11.218233657290794 
1205.9999999990482 	 11.218233657290794 
1206.9999999990473 	 11.218233657290794 
1207.9999999990464 	 11.218233657290794 
1208.9999999990455 	 11.218233657290794 
1209.9999999990446 	 11.218233657290794 
1210.9999999990437 	 11.218233657290794 
1211.9999999990428 	 11.218233657290794 
1212.9999999990418 	 11.218233657290794 
1213.999999999041 	 11.218233657290794 
1214.99999999904 	 11.218233657290794 
1215.9999999990391 	 11.218233657290794 
1216.9999999990382 	 11.218233657290794 
1217.9999999990373 	 11.218233657290794 
1218.9999999990364 	 11.218233657290794 
1219.9999999990355 	 11.218233657290794 
1220.9999999990346 	 11.218233657290794 
1221.9999999990337 	 11.218233657290794 
1222.9999999990328 	 11.218233657290794 
1223.9999999990318 	 11.218233657290794 
1224.999999999031 	 11.218233657290794 
1225.99999999903 	 11.218233657290794 
1226.9999999990291 	 11.218233657290794 
1227.9999999990282 	 11.218233657290794 
1228.9999999990273 	 11.218233657290794 
1229.9999999990264 	 11.218233657290794 
1230.9999999990255 	 11.218233657290794 
1231.9999999990246 	 11.218233657290794 
1232.9999999990237 	 11.218233657290794 
1233.9999999990227 	 11.218233657290794 
1234.9999999990218 	 11.218233657290794 
1235.999999999021 	 11.218233657290794 
1236.99999999902 	 11.218233657290794 
1237.999999999019 	 11.218233657290794 
1238.9999999990182 	 11.218233657290794 
1239.9999999990173 	 11.218233657290794 
1240.9999999990164 	 11.218233657290794 
1241.9999999990155 	 11.218233657290794 
1242.9999999990146 	 11.218233657290794 
1243.9999999990137 	 11.218233657290794 
1244.9999999990127 	 11.218233657290794 
1245.9999999990118 	 11.218233657290794 
1246.999999999011 	 11.218233657290794 
1247.99999999901 	 11.218233657290794 
1248.999999999009 	 11.218233657290794 
1249.9999999990082 	 11.218233657290794 
1250.9999999990073 	 11.218233657290794 
1251.9999999990064 	 11.218233657290794 
1252.9999999990055 	 11.218233657290794 
1253.9999999990046 	 11.218233657290794 
1254.9999999990036 	 11.218233657290794 
1255.9999999990027 	 11.218233657290794 
1256.9999999990018 	 11.218233657290794 
1257.999999999001 	 11.218233657290794 
1258.999999999 	 11.218233657290794 
1259.999999998999 	 11.218233657290794 
1260.9999999989982 	 11.218233657290794 
1261.9999999989973 	 11.218233657290794 
1262.9999999989964 	 11.218233657290794 
1263.9999999989955 	 11.218233657290794 
1264.9999999989946 	 11.218233657290794 
1265.9999999989936 	 11.218233657290794 
1266.9999999989927 	 11.218233657290794 
1267.9999999989918 	 11.218233657290794 
1268.999999998991 	 11.218233657290794 
1269.99999999899 	 11.218233657290794 
1270.999999998989 	 11.218233657290794 
1271.9999999989882 	 11.218233657290794 
1272.9999999989873 	 11.218233657290794 
1273.9999999989864 	 11.218233657290794 
1274.9999999989855 	 11.218233657290794 
1275.9999999989845 	 11.218233657290794 
1276.9999999989836 	 11.218233657290794 
1277.9999999989827 	 11.218233657290794 
1278.9999999989818 	 11.218233657290794 
1279.999999998981 	 11.218233657290794 
1280.99999999898 	 11.218233657290794 
1281.999999998979 	 11.218233657290794 
1282.9999999989782 	 11.218233657290794 
1283.9999999989773 	 11.218233657290794 
1284.9999999989764 	 11.218233657290794 
1285.9999999989755 	 11.218233657290794 
1286.9999999989745 	 11.218233657290794 
1287.9999999989736 	 11.218233657290794 
1288.9999999989727 	 11.218233657290794 
1289.9999999989718 	 11.218233657290794 
1290.999999998971 	 11.218233657290794 
1291.99999999897 	 11.218233657290794 
1292.999999998969 	 11.218233657290794 
1293.9999999989682 	 11.218233657290794 
1294.9999999989673 	 11.218233657290794 
1295.9999999989664 	 11.218233657290794 
1296.9999999989654 	 11.218233657290794 
1297.9999999989645 	 11.218233657290794 
1298.9999999989636 	 11.218233657290794 
1299.9999999989627 	 11.218233657290794 
1300.9999999989618 	 11.218233657290794 
1301.999999998961 	 11.218233657290794 
1302.99999999896 	 11.218233657290794 
1303.999999998959 	 11.218233657290794 
1304.9999999989582 	 11.218233657290794 
1305.9999999989573 	 11.218233657290794 
1306.9999999989564 	 11.218233657290794 
1307.9999999989554 	 11.218233657290794 
1308.9999999989545 	 11.218233657290794 
1309.9999999989536 	 11.218233657290794 
1310.9999999989527 	 11.218233657290794 
1311.9999999989518 	 11.218233657290794 
1312.999999998951 	 11.218233657290794 
1313.99999999895 	 11.218233657290794 
1314.999999998949 	 11.218233657290794 
1315.9999999989482 	 11.218233657290794 
1316.9999999989473 	 11.218233657290794 
1317.9999999989464 	 11.218233657290794 
1318.9999999989454 	 11.218233657290794 
1319.9999999989445 	 11.218233657290794 
1320.9999999989436 	 11.218233657290794 
1321.9999999989427 	 11.218233657290794 
1322.9999999989418 	 11.218233657290794 
1323.999999998941 	 11.218233657290794 
1324.99999999894 	 11.218233657290794 
1325.999999998939 	 11.218233657290794 
1326.9999999989382 	 11.218233657290794 
1327.9999999989373 	 11.218233657290794 
1328.9999999989363 	 11.218233657290794 
1329.9999999989354 	 11.218233657290794 
1330.9999999989345 	 11.218233657290794 
1331.9999999989336 	 11.218233657290794 
1332.9999999989327 	 11.218233657290794 
1333.9999999989318 	 11.218233657290794 
1334.999999998931 	 11.218233657290794 
1335.99999999893 	 11.218233657290794 
1336.999999998929 	 11.218233657290794 
1337.9999999989282 	 11.218233657290794 
1338.9999999989273 	 11.218233657290794 
1339.9999999989263 	 11.218233657290794 
1340.9999999989254 	 11.218233657290794 
1341.9999999989245 	 11.218233657290794 
1342.9999999989236 	 11.218233657290794 
1343.9999999989227 	 11.218233657290794 
1344.9999999989218 	 11.218233657290794 
1345.9999999989209 	 11.218233657290794 
1346.99999999892 	 11.218233657290794 
1347.999999998919 	 11.218233657290794 
1348.9999999989182 	 11.218233657290794 
1349.9999999989172 	 11.218233657290794 
1350.9999999989163 	 11.218233657290794 
1351.9999999989154 	 11.218233657290794 
1352.9999999989145 	 11.218233657290794 
1353.9999999989136 	 11.218233657290794 
1354.9999999989127 	 11.218233657290794 
1355.9999999989118 	 11.218233657290794 
1356.9999999989109 	 11.218233657290794 
1357.99999999891 	 11.218233657290794 
1358.999999998909 	 11.218233657290794 
1359.9999999989082 	 11.218233657290794 
1360.9999999989072 	 11.218233657290794 
1361.9999999989063 	 11.218233657290794 
1362.9999999989054 	 11.218233657290794 
1363.9999999989045 	 11.218233657290794 
1364.9999999989036 	 11.218233657290794 
1365.9999999989027 	 11.218233657290794 
1366.9999999989018 	 11.218233657290794 
1367.9999999989009 	 11.218233657290794 
1368.9999999989 	 11.218233657290794 
1369.999999998899 	 11.218233657290794 
1370.9999999988981 	 11.218233657290794 
1371.9999999988972 	 11.218233657290794 
1372.9999999988963 	 11.218233657290794 
1373.9999999988954 	 11.218233657290794 
1374.9999999988945 	 11.218233657290794 
1375.9999999988936 	 11.218233657290794 
1376.9999999988927 	 11.218233657290794 
1377.9999999988918 	 11.218233657290794 
1378.9999999988909 	 11.218233657290794 
1379.99999999889 	 11.218233657290794 
1380.999999998889 	 11.218233657290794 
1381.9999999988881 	 11.218233657290794 
1382.9999999988872 	 11.218233657290794 
1383.9999999988863 	 11.218233657290794 
1384.9999999988854 	 11.218233657290794 
1385.9999999988845 	 11.218233657290794 
1386.9999999988836 	 11.218233657290794 
1387.9999999988827 	 11.218233657290794 
1388.9999999988818 	 11.218233657290794 
1389.9999999988809 	 11.218233657290794 
1390.99999999888 	 11.218233657290794 
1391.999999998879 	 11.218233657290794 
1392.9999999988781 	 11.218233657290794 
1393.9999999988772 	 11.218233657290794 
1394.9999999988763 	 11.218233657290794 
1395.9999999988754 	 11.218233657290794 
1396.9999999988745 	 11.218233657290794 
1397.9999999988736 	 11.218233657290794 
1398.9999999988727 	 11.218233657290794 
1399.9999999988718 	 11.218233657290794 
1400.9999999988709 	 11.218233657290794 
1401.99999999887 	 11.218233657290794 
1402.999999998869 	 11.218233657290794 
1403.9999999988681 	 11.218233657290794 
1404.9999999988672 	 11.218233657290794 
1405.9999999988663 	 11.218233657290794 
1406.9999999988654 	 11.218233657290794 
1407.9999999988645 	 11.218233657290794 
1408.9999999988636 	 11.218233657290794 
1409.9999999988627 	 11.218233657290794 
1410.9999999988618 	 11.218233657290794 
1411.9999999988609 	 11.218233657290794 
1412.99999999886 	 11.218233657290794 
1413.999999998859 	 11.218233657290794 
1414.9999999988581 	 11.218233657290794 
1415.9999999988572 	 11.218233657290794 
1416.9999999988563 	 11.218233657290794 
1417.9999999988554 	 11.218233657290794 
1418.9999999988545 	 11.218233657290794 
1419.9999999988536 	 11.218233657290794 
1420.9999999988527 	 11.218233657290794 
1421.9999999988518 	 11.218233657290794 
1422.9999999988509 	 11.218233657290794 
1423.99999999885 	 11.218233657290794 
1424.999999998849 	 11.218233657290794 
1425.9999999988481 	 11.218233657290794 
1426.9999999988472 	 11.218233657290794 
1427.9999999988463 	 11.218233657290794 
1428.9999999988454 	 11.218233657290794 
1429.9999999988445 	 11.218233657290794 
1430.9999999988436 	 11.218233657290794 
1431.9999999988427 	 11.218233657290794 
1432.9999999988418 	 11.218233657290794 
1433.9999999988408 	 11.218233657290794 
1434.99999999884 	 11.218233657290794 
1435.999999998839 	 11.218233657290794 
1436.9999999988381 	 11.218233657290794 
1437.9999999988372 	 11.218233657290794 
1438.9999999988363 	 11.218233657290794 
1439.9999999988354 	 11.218233657290794 
1440.9999999988345 	 11.218233657290794 
1441.9999999988336 	 11.218233657290794 
1442.9999999988327 	 11.218233657290794 
1443.9999999988318 	 11.218233657290794 
1444.9999999988308 	 11.218233657290794 
1445.99999999883 	 11.218233657290794 
1446.999999998829 	 11.218233657290794 
1447.9999999988281 	 11.218233657290794 
1448.9999999988272 	 11.218233657290794 
1449.9999999988263 	 11.218233657290794 
1450.9999999988254 	 11.218233657290794 
1451.9999999988245 	 11.218233657290794 
1452.9999999988236 	 11.218233657290794 
1453.9999999988227 	 11.218233657290794 
1454.9999999988217 	 11.218233657290794 
1455.9999999988208 	 11.218233657290794 
1456.99999999882 	 11.218233657290794 
1457.999999998819 	 11.218233657290794 
1458.999999998818 	 11.218233657290794 
1459.9999999988172 	 11.218233657290794 
1460.9999999988163 	 11.218233657290794 
1461.9999999988154 	 11.218233657290794 
1462.9999999988145 	 11.218233657290794 
1463.9999999988136 	 11.218233657290794 
1464.9999999988127 	 11.218233657290794 
1465.9999999988117 	 11.218233657290794 
1466.9999999988108 	 11.218233657290794 
1467.99999999881 	 11.218233657290794 
1468.999999998809 	 11.218233657290794 
1469.999999998808 	 11.218233657290794 
1470.9999999988072 	 11.218233657290794 
1471.9999999988063 	 11.218233657290794 
1472.9999999988054 	 11.218233657290794 
1473.9999999988045 	 11.218233657290794 
1474.9999999988036 	 11.218233657290794 
1475.9999999988027 	 11.218233657290794 
1476.9999999988017 	 11.218233657290794 
1477.9999999988008 	 11.218233657290794 
1478.9999999988 	 11.218233657290794 
1479.999999998799 	 11.218233657290794 
1480.999999998798 	 11.218233657290794 
1481.9999999987972 	 11.218233657290794 
1482.9999999987963 	 11.218233657290794 
1483.9999999987954 	 11.218233657290794 
1484.9999999987945 	 11.218233657290794 
1485.9999999987936 	 11.218233657290794 
1486.9999999987926 	 11.218233657290794 
1487.9999999987917 	 11.218233657290794 
1488.9999999987908 	 11.218233657290794 
1489.99999999879 	 11.218233657290794 
1490.999999998789 	 11.218233657290794 
1491.999999998788 	 11.218233657290794 
1492.9999999987872 	 11.218233657290794 
1493.9999999987863 	 11.218233657290794 
1494.9999999987854 	 11.218233657290794 
1495.9999999987845 	 11.218233657290794 
1496.9999999987836 	 11.218233657290794 
1497.9999999987826 	 11.218233657290794 
1498.9999999987817 	 11.218233657290794 
1499.9999999987808 	 11.218233657290794 
