1.0000000000000007 	 0.0009999992694938393 
2.0000000000000013 	 0.0020000038140570667 
2.99999999999998 	 0.0030000123603970714 
3.9999999999999587 	 0.004000019269646576 
4.999999999999938 	 0.005000028725481304 
5.9999999999999165 	 0.006000036726124475 
6.999999999999895 	 0.007000024354085871 
7.999999999999874 	 0.00799988210620095 
8.999999999999853 	 0.008999441544047183 
9.999999999999831 	 0.009998418177675491 
10.99999999999981 	 0.010996440205643481 
11.999999999999789 	 0.011993057246164767 
12.999999999999767 	 0.012987778172089418 
13.999999999999746 	 0.013980073293691277 
14.999999999999725 	 0.014969399824520198 
15.999999999999703 	 0.015955230985233135 
16.999999999999858 	 0.01693704727244483 
18.000000000000014 	 0.017914375748899782 
19.00000000000017 	 0.018886759484449615 
20.000000000000327 	 0.019853776473543267 
21.000000000000483 	 0.020815027993694574 
22.00000000000064 	 0.021770140060673807 
23.000000000000796 	 0.022718826001744553 
24.000000000000952 	 0.023660784592254864 
25.00000000000111 	 0.024595749532150095 
26.000000000001265 	 0.025523533101719613 
27.00000000000142 	 0.026443901015123006 
28.000000000001577 	 0.027356696111672286 
29.000000000001734 	 0.028261775782595037 
30.00000000000189 	 0.0291590177918006 
31.000000000002046 	 0.030048291172048998 
32.0000000000022 	 0.030929528984528686 
33.000000000002004 	 0.031802661380045 
34.000000000001805 	 0.03266763015093573 
35.000000000001606 	 0.03352440910375288 
36.00000000000141 	 0.03437297495543156 
37.00000000000121 	 0.03521333352673799 
38.00000000000101 	 0.036045403326945086 
39.00000000000081 	 0.03686924256371504 
40.00000000000061 	 0.03768489489279453 
41.00000000000041 	 0.03849230792728755 
42.00000000000021 	 0.03929152241255766 
43.000000000000014 	 0.04008259946665018 
43.999999999999815 	 0.04086554782071444 
44.999999999999616 	 0.04164039948896467 
45.99999999999942 	 0.04240721558944618 
46.99999999999922 	 0.04316606015058742 
47.99999999999902 	 0.043916938993154596 
48.99999999999882 	 0.04465996853247215 
49.99999999999862 	 0.04539513712700763 
50.99999999999842 	 0.046122529177871255 
51.999999999998224 	 0.04684224363808879 
52.999999999998025 	 0.047554306701108225 
53.999999999997826 	 0.048258782395357996 
54.99999999999763 	 0.04895573474926654 
55.99999999999743 	 0.04964525689509341 
56.99999999999723 	 0.05032736920552036 
57.99999999999703 	 0.05100218227510562 
58.99999999999683 	 0.05166975431151139 
59.99999999999663 	 0.05233013188086745 
60.99999999999643 	 0.0529833964739009 
61.999999999996234 	 0.053629606298273944 
62.999999999996035 	 0.05426886030701236 
63.999999999995836 	 0.05490118178318103 
64.99999999999635 	 0.05552670460440304 
65.99999999999686 	 0.05614542877067839 
66.99999999999737 	 0.056757476518097746 
67.99999999999788 	 0.05736285366742731 
68.9999999999984 	 0.057961670813225306 
69.9999999999989 	 0.05855400362545261 
70.99999999999942 	 0.05913988120794031 
71.99999999999993 	 0.059719361768350646 
73.00000000000044 	 0.0602926082881378 
74.00000000000095 	 0.060859574201172016 
75.00000000000146 	 0.061420375922777715 
76.00000000000198 	 0.06197508912291577 
77.00000000000249 	 0.06252378947154708 
78.000000000003 	 0.06306652353480138 
79.00000000000351 	 0.06360332041650982 
80.00000000000402 	 0.06413426742816569 
81.00000000000453 	 0.064659469343561 
82.00000000000504 	 0.06517893198346195 
83.00000000000556 	 0.06569270773476454 
84.00000000000607 	 0.06620093629585809 
85.00000000000658 	 0.06670359438367772 
86.00000000000709 	 0.0672007867720154 
87.0000000000076 	 0.06769254838546847 
88.00000000000811 	 0.06817894907323158 
89.00000000000863 	 0.06866005868449938 
90.00000000000914 	 0.06913590632310301 
91.00000000000965 	 0.06960657347976953 
92.00000000001016 	 0.0700720950790963 
93.00000000001067 	 0.07053250604568063 
94.00000000001118 	 0.07098795771944429 
95.0000000000117 	 0.07143838607195883 
96.00000000001221 	 0.07188390751854869 
97.00000000001272 	 0.07232460354994097 
98.00000000001323 	 0.07276054401533032 
99.00000000001374 	 0.07319167070705453 
100.00000000001425 	 0.07361815242733402 
101.00000000001477 	 0.07403994843080525 
102.00000000001528 	 0.07445716931202642 
103.00000000001579 	 0.07486980342946507 
104.0000000000163 	 0.07527796137767945 
105.00000000001681 	 0.07568165479820195 
106.00000000001732 	 0.07608100592712326 
107.00000000001783 	 0.07647592163218384 
108.00000000001835 	 0.07686648340411076 
109.00000000001886 	 0.07725279019592979 
110.00000000001937 	 0.07763500498909515 
111.00000000001988 	 0.0780130404721135 
112.00000000002039 	 0.07838687336191998 
113.0000000000209 	 0.07875663753613765 
114.00000000002142 	 0.07912234463629897 
115.00000000002193 	 0.07948412271926082 
116.00000000002244 	 0.07984189029429609 
117.00000000002295 	 0.0801957637767292 
118.00000000002346 	 0.08054580719498859 
119.00000000002397 	 0.08089199726600939 
120.00000000002449 	 0.08123442712205113 
121.000000000025 	 0.08157314915000981 
122.00000000002551 	 0.08190808767992455 
123.00000000002602 	 0.0822393940517171 
124.00000000002653 	 0.08256717303917945 
125.00000000002704 	 0.08289132568928582 
126.00000000002755 	 0.0832119742381269 
127.00000000002807 	 0.08352906629880666 
128.00000000002856 	 0.08384268336205222 
129.00000000002765 	 0.08415291273935689 
130.00000000002674 	 0.08445978935531802 
131.00000000002584 	 0.08476331320993558 
132.00000000002493 	 0.08506351340704069 
133.00000000002402 	 0.08536041905046446 
134.0000000000231 	 0.08565407670633667 
135.0000000000222 	 0.08594452129925463 
136.0000000000213 	 0.08623180521611434 
137.00000000002038 	 0.08651596920227936 
138.00000000001947 	 0.08679698415391858 
139.00000000001856 	 0.0870749897694213 
140.00000000001765 	 0.08734988709576176 
141.00000000001674 	 0.08762187985975772 
142.00000000001583 	 0.08789082836301987 
143.00000000001492 	 0.08815690722853484 
144.000000000014 	 0.0884200524278742 
145.0000000000131 	 0.08868026978180416 
146.0000000000122 	 0.08893772227177894 
147.00000000001128 	 0.08919231676553899 
148.00000000001037 	 0.08944417549917495 
149.00000000000946 	 0.08969322280272594 
150.00000000000855 	 0.08993959255381509 
151.00000000000765 	 0.09018327311090991 
152.00000000000674 	 0.0904242586532442 
153.00000000000583 	 0.09066256664311663 
154.00000000000492 	 0.09089845901500715 
155.000000000004 	 0.09113163890983848 
156.0000000000031 	 0.09136231587519458 
157.0000000000022 	 0.09159052483567279 
158.00000000000128 	 0.09181619594207845 
159.00000000000037 	 0.09203940486437243 
159.99999999999946 	 0.0922601690648534 
160.99999999999855 	 0.09247852928888492 
161.99999999999764 	 0.09269453792336296 
162.99999999999673 	 0.092908101836028 
163.99999999999582 	 0.09311931415913957 
164.9999999999949 	 0.09332839608181409 
165.999999999994 	 0.09353505656574049 
166.9999999999931 	 0.09373952262080139 
167.99999999999218 	 0.09394178842623059 
168.99999999999127 	 0.09414176667053477 
169.99999999999037 	 0.094339538844441 
170.99999999998946 	 0.09453525628787107 
171.99999999998855 	 0.09472877348166944 
172.99999999998764 	 0.09492013117119964 
173.99999999998673 	 0.09510943413025366 
174.99999999998582 	 0.09529676967032484 
175.9999999999849 	 0.09548197480995897 
176.999999999984 	 0.09566512521911694 
177.9999999999831 	 0.0958464362661489 
178.99999999998218 	 0.09602557616738028 
179.99999999998127 	 0.09620278357422614 
180.99999999998036 	 0.09637804684515403 
181.99999999997945 	 0.09655151732008571 
182.99999999997854 	 0.09672305530063187 
183.99999999997763 	 0.09689266078679251 
184.99999999997672 	 0.09706055496768404 
185.9999999999758 	 0.0972265282957225 
186.9999999999749 	 0.09739063897857009 
187.999999999974 	 0.09755292776159036 
188.99999999997308 	 0.09771362165466596 
189.99999999997218 	 0.09787245872331692 
190.99999999997127 	 0.09802958448669877 
191.99999999997036 	 0.0981849174540844 
192.99999999996945 	 0.09833870209765515 
193.99999999996854 	 0.09849070558676211 
194.99999999996763 	 0.09864099777059998 
195.99999999996672 	 0.09878966013989583 
196.9999999999658 	 0.09893682075150656 
197.9999999999649 	 0.09908233990704284 
198.999999999964 	 0.09922621760650466 
199.99999999996308 	 0.09936853534061914 
200.99999999996217 	 0.09950923490172406 
201.99999999996126 	 0.09964860732813048 
202.99999999996035 	 0.09978636158152733 
203.99999999995944 	 0.09992253258651196 
204.99999999995853 	 0.100057190192279 
205.99999999995762 	 0.10019038096495825 
206.9999999999567 	 0.10032226788600389 
207.9999999999558 	 0.10045260648323462 
208.9999999999549 	 0.10058157137963708 
209.99999999995399 	 0.10070905780141931 
210.99999999995308 	 0.10083515888084083 
211.99999999995217 	 0.1009600841654856 
212.99999999995126 	 0.10108347276784792 
213.99999999995035 	 0.10120548766938198 
214.99999999994944 	 0.10132618707774999 
215.99999999994853 	 0.10144551278528972 
216.99999999994762 	 0.10156372090571496 
217.9999999999467 	 0.10168055532531192 
218.9999999999458 	 0.10179608589327528 
219.9999999999449 	 0.10191032425113748 
220.99999999994398 	 0.10202332860656073 
221.99999999994307 	 0.10213515716720724 
222.99999999994216 	 0.1022458564992068 
223.99999999994125 	 0.10235522869650786 
224.99999999994034 	 0.1024633203252402 
225.99999999993943 	 0.10257037585758513 
226.99999999993852 	 0.10267611589676401 
227.99999999993761 	 0.10278088968875013 
228.9999999999367 	 0.10288447604442708 
229.9999999999358 	 0.10298688660532729 
230.9999999999349 	 0.1030881330129832 
231.99999999993398 	 0.10318829675812193 
232.99999999993307 	 0.10328730799154881 
233.99999999993216 	 0.10338529477012072 
234.99999999993125 	 0.10348242007529185 
235.99999999993034 	 0.10357828809495914 
236.99999999992943 	 0.1036730850936417 
237.99999999992852 	 0.10376679942980706 
238.9999999999276 	 0.1038595591603121 
239.9999999999267 	 0.10395131771902706 
240.9999999999258 	 0.10404215659667902 
241.99999999992488 	 0.10413198266100845 
242.99999999992397 	 0.10422067949669092 
243.99999999992306 	 0.10430849157590774 
244.99999999992215 	 0.10439526755873713 
245.99999999992124 	 0.1044811704266333 
246.99999999992033 	 0.1045660488396745 
247.99999999991942 	 0.10465005413778249 
248.99999999991851 	 0.10473348900080076 
249.9999999999176 	 0.10481577135210719 
250.9999999999167 	 0.10489702924855865 
251.9999999999158 	 0.10497736746394712 
252.99999999991488 	 0.10505686748899969 
253.99999999991397 	 0.10513562245597592 
254.99999999991306 	 0.10521337625116206 
255.99999999991215 	 0.10529038498827187 
256.99999999991127 	 0.1053666719503702 
257.99999999991036 	 0.10544199266527578 
258.99999999990945 	 0.10551641698218325 
259.99999999990854 	 0.10559008459948194 
260.99999999990763 	 0.10566303044176915 
261.9999999999067 	 0.10573502167839606 
262.9999999999058 	 0.10580629114001151 
263.9999999999049 	 0.10587667584516129 
264.999999999904 	 0.1059465250398187 
265.9999999999031 	 0.10601575723325664 
266.9999999999022 	 0.10608402317950182 
267.99999999990126 	 0.10615142765234623 
268.99999999990035 	 0.10621811035017917 
269.99999999989944 	 0.10628409455606554 
270.99999999989853 	 0.10634935698694044 
271.9999999998976 	 0.10641389764280389 
272.9999999998967 	 0.10647772816518833 
273.9999999998958 	 0.10654093004482083 
274.9999999998949 	 0.10660354984783121 
275.999999999894 	 0.10666533146050569 
276.9999999998931 	 0.10672635637357138 
277.99999999989217 	 0.1067868457761447 
278.99999999989126 	 0.10684655519604434 
279.99999999989035 	 0.10690578731311383 
280.99999999988944 	 0.10696426273057452 
281.99999999988853 	 0.10702209786375086 
282.9999999998876 	 0.1070792810711104 
283.9999999998867 	 0.10713571922039358 
284.9999999998858 	 0.10719176155757372 
285.9999999998849 	 0.10724753613950766 
286.999999999884 	 0.10730242596497594 
287.9999999998831 	 0.107356547449303 
288.99999999988216 	 0.10741015670620256 
289.99999999988125 	 0.10746305582962311 
290.99999999988034 	 0.10751545436714861 
291.99999999987944 	 0.10756715441272753 
292.9999999998785 	 0.10761841208007364 
293.9999999998776 	 0.10766919244458957 
294.9999999998767 	 0.10771929760022382 
295.9999999998758 	 0.1077688672453657 
296.9999999998749 	 0.10781795958767741 
297.999999999874 	 0.10786673760861318 
298.99999999987307 	 0.10791477057147258 
299.99999999987216 	 0.10796225638230719 
300.99999999987125 	 0.10800913683345476 
301.99999999987034 	 0.10805566803862904 
302.99999999986943 	 0.10810152403492163 
303.9999999998685 	 0.10814703078524093 
304.9999999998676 	 0.1081920136666003 
305.9999999998667 	 0.10823640282980508 
306.9999999998658 	 0.10828037289784193 
307.9999999998649 	 0.10832381909691884 
308.999999999864 	 0.1083668462008278 
309.99999999986306 	 0.10840932615271195 
310.99999999986215 	 0.10845138700942816 
311.99999999986125 	 0.10849326160162527 
312.99999999986034 	 0.10853469381558957 
313.9999999998594 	 0.1085754624622046 
314.9999999998585 	 0.10861571888139217 
315.9999999998576 	 0.10865553292234689 
316.9999999998567 	 0.10869495115119855 
317.9999999998558 	 0.10873386879415517 
318.9999999998549 	 0.10877234405887896 
319.99999999985397 	 0.10881049336069436 
320.99999999985306 	 0.10884804894435515 
321.99999999985215 	 0.10888531348970489 
322.99999999985124 	 0.10892233356287331 
323.99999999985033 	 0.10895882976708181 
324.9999999998494 	 0.10899477881926549 
325.9999999998485 	 0.10903041355007322 
326.9999999998476 	 0.1090657106764401 
327.9999999998467 	 0.10910070512296347 
328.9999999998458 	 0.10913554822956506 
329.9999999998449 	 0.10916986746720674 
330.99999999984396 	 0.10920367447742092 
331.99999999984306 	 0.10923708567553206 
332.99999999984215 	 0.10927005449541036 
333.99999999984124 	 0.10930273227697758 
334.9999999998403 	 0.10933514230329862 
335.9999999998394 	 0.1093670750267895 
336.9999999998385 	 0.10939865850430709 
337.9999999998376 	 0.10943004407577316 
338.9999999998367 	 0.1094609872690064 
339.9999999998358 	 0.10949155793320145 
340.99999999983487 	 0.10952186084215032 
341.99999999983396 	 0.10955170973133392 
342.99999999983305 	 0.10958130250680378 
343.99999999983214 	 0.10961058096089768 
344.99999999983123 	 0.10963949852748585 
345.9999999998303 	 0.10966798535737363 
346.9999999998294 	 0.10969615786588545 
347.9999999998285 	 0.10972431873286484 
348.9999999998276 	 0.10975227005226024 
349.9999999998267 	 0.1097801282393961 
350.9999999998258 	 0.1098073694253125 
351.99999999982487 	 0.10983429628985293 
352.99999999982396 	 0.10986086226688763 
353.99999999982305 	 0.1098871488471437 
354.99999999982214 	 0.10991303961529672 
355.9999999998212 	 0.10993877904352797 
356.9999999998203 	 0.10996425071651304 
357.9999999998194 	 0.10998930329433017 
358.9999999998185 	 0.11001402990923889 
359.9999999998176 	 0.11003857025962853 
360.9999999998167 	 0.11006294762856397 
361.99999999981577 	 0.1100869408269288 
362.99999999981486 	 0.11011056149625544 
363.99999999981395 	 0.11013393769340078 
364.99999999981304 	 0.11015723239981903 
365.99999999981213 	 0.11018041069091285 
366.9999999998112 	 0.11020319316990361 
367.9999999998103 	 0.11022569625211574 
368.9999999998094 	 0.11024797814521145 
369.9999999998085 	 0.11026992243386632 
370.9999999998076 	 0.11029170374106699 
371.9999999998067 	 0.11031310087769705 
372.99999999980577 	 0.11033434667440535 
373.99999999980486 	 0.11035538292352967 
374.99999999980395 	 0.11037639588958911 
375.99999999980304 	 0.110397315723389 
376.9999999998021 	 0.1104181307833969 
377.9999999998012 	 0.11043832884218535 
378.9999999998003 	 0.1104582591457276 
379.9999999997994 	 0.11047795661862099 
380.9999999997985 	 0.11049739797780063 
381.9999999997976 	 0.11051658322326653 
382.99999999979667 	 0.11053562877034312 
383.99999999979576 	 0.11055438327910863 
384.99999999979485 	 0.11057306793867949 
385.99999999979394 	 0.11059165946599081 
386.99999999979303 	 0.1106099715965235 
387.9999999997921 	 0.11062805089640732 
388.9999999997912 	 0.11064574602572053 
389.9999999997903 	 0.11066338294737153 
390.9999999997894 	 0.11068091509523054 
391.9999999997885 	 0.11069835411083001 
392.9999999997876 	 0.11071549044658596 
393.99999999978667 	 0.11073233574403084 
394.99999999978576 	 0.11074901806002152 
395.99999999978485 	 0.11076547918689578 
396.99999999978394 	 0.11078185882304294 
397.99999999978303 	 0.11079804055313858 
398.9999999997821 	 0.11081398945258535 
399.9999999997812 	 0.11082981029517526 
400.9999999997803 	 0.11084546815631095 
401.9999999997794 	 0.11086100960212224 
402.9999999997785 	 0.11087634150034953 
403.9999999997776 	 0.11089146385099287 
404.99999999977666 	 0.1109065047109091 
405.99999999977575 	 0.11092105662646272 
406.99999999977484 	 0.11093560854201635 
407.99999999977393 	 0.1109497064378047 
408.999999999773 	 0.11096396731504726 
409.9999999997721 	 0.11097808849390049 
410.9999999997712 	 0.11099220967275374 
411.9999999997703 	 0.11100627264394476 
412.9999999997694 	 0.11102024248287624 
413.9999999997685 	 0.11103422396334017 
414.99999999976757 	 0.11104819380227166 
415.99999999976666 	 0.11106184931982718 
416.99999999976575 	 0.11107513230834452 
417.99999999976484 	 0.11108826395694012 
418.99999999976393 	 0.11110119769948419 
419.999999999763 	 0.11111395681904161 
420.9999999997621 	 0.11112657624020972 
421.9999999997612 	 0.11113902103839117 
422.9999999997603 	 0.111151291213586 
423.9999999997594 	 0.11116346825652126 
424.9999999997585 	 0.11117542411034013 
425.99999999975756 	 0.11118733339802922 
426.99999999975665 	 0.11119904477966677 
427.99999999975574 	 0.11121070959517457 
428.99999999975483 	 0.1112223045614877 
429.9999999997539 	 0.11123363177255464 
430.999999999753 	 0.11124484256829716 
431.9999999997521 	 0.11125594859024768 
432.9999999997512 	 0.11126684506461423 
433.9999999997503 	 0.1112775785575266 
434.9999999997494 	 0.11128830040890651 
435.99999999974847 	 0.11129883599576733 
436.99999999974756 	 0.11130945307335526 
437.99999999974665 	 0.1113199653771512 
438.99999999974574 	 0.11133040783175248 
439.99999999974483 	 0.11134067566336713 
440.9999999997439 	 0.11135072230586535 
441.999999999743 	 0.11136057104231205 
442.9999999997421 	 0.11137028008036942 
443.9999999997412 	 0.11137975628777795 
444.9999999997403 	 0.11138930234438113 
445.9999999997394 	 0.11139874362719232 
446.99999999973846 	 0.11140811506080886 
447.99999999973755 	 0.11141745156982806 
448.99999999973664 	 0.11142676479578238 
449.99999999973573 	 0.11143606638020426 
450.9999999997348 	 0.1114452748323666 
451.9999999997339 	 0.11145426209541252 
452.999999999733 	 0.11146306309393936 
453.9999999997321 	 0.11147185245093374 
454.9999999997312 	 0.11148054867566859 
455.9999999997303 	 0.11148910520201412 
456.99999999972937 	 0.11149755695456767 
457.99999999972846 	 0.11150602034865366 
458.99999999972755 	 0.11151440225201255 
459.99999999972664 	 0.11152259789085235 
460.99999999972573 	 0.11153071203896506 
461.9999999997248 	 0.11153868648868845 
462.9999999997239 	 0.11154661437228205 
463.999999999723 	 0.11155440255748636 
464.9999999997221 	 0.11156205104430135 
465.9999999997212 	 0.11156939685127282 
466.9999999997203 	 0.11157669609211451 
467.99999999971936 	 0.11158408846521577 
468.99999999971845 	 0.11159132949839524 
469.99999999971755 	 0.11159838426705565 
470.99999999971664 	 0.1116055088849107 
471.9999999997157 	 0.11161255201203865 
472.9999999997148 	 0.11161957185610173 
473.9999999997139 	 0.11162666154935945 
474.999999999713 	 0.1116337279595523 
475.9999999997121 	 0.11164073616208292 
476.9999999997112 	 0.11164782585534065 
477.99999999971027 	 0.11165491554859838 
478.99999999970936 	 0.11166195867572633 
479.99999999970845 	 0.11166893195365964 
480.99999999970754 	 0.11167591687312538 
481.99999999970663 	 0.11168272716960446 
482.9999999997057 	 0.11168951418301869 
483.9999999997048 	 0.11169581225207029 
484.9999999997039 	 0.11170221509491389 
485.999999999703 	 0.11170846659783573 
486.9999999997021 	 0.11171463661003046 
487.9999999997012 	 0.11172067856536833 
488.99999999970026 	 0.111726557539252 
489.99999999969936 	 0.11173243651313566 
490.99999999969845 	 0.11173823399629222 
491.99999999969754 	 0.1117439499887217 
492.9999999996966 	 0.11174961941502139 
493.9999999996957 	 0.1117552655582562 
494.9999999996948 	 0.11176085349382879 
495.9999999996939 	 0.11176627844794718 
496.999999999693 	 0.11177161026980603 
497.9999999996921 	 0.11177688388400266 
498.99999999969117 	 0.11178209929053708 
499.99999999969026 	 0.11178727977247417 
500.99999999968935 	 0.1117924136882815 
501.99999999968844 	 0.11179744283029683 
502.99999999968753 	 0.11180237884005262 
503.9999999996866 	 0.11180727992521108 
504.9999999996857 	 0.1118120063873829 
505.9999999996848 	 0.1118167561326196 
506.9999999996839 	 0.11182164557624562 
507.999999999683 	 0.11182634875535255 
508.9999999996821 	 0.1118310286513946 
509.99999999968117 	 0.11183568526437176 
510.99999999968026 	 0.11184040008501113 
511.99999999967935 	 0.11184511490565051 
512.9999999996785 	 0.11184981808475744 
513.9999999996776 	 0.11185454454692927 
514.9999999996767 	 0.11185920115990643 
515.9999999996758 	 0.1118638344898187 
516.9999999996749 	 0.11186846781973098 
517.999999999674 	 0.11187311279117569 
518.999999999673 	 0.111877536573504 
519.9999999996721 	 0.11188185558204031 
520.9999999996712 	 0.11188612802444685 
521.9999999996703 	 0.11189027240999652 
522.9999999996694 	 0.1118943353048191 
523.9999999996685 	 0.11189837491657678 
524.9999999996676 	 0.11190230975454249 
525.9999999996667 	 0.1119062213094433 
526.9999999996658 	 0.11191005137361702 
527.9999999996649 	 0.11191385815472585 
528.9999999996639 	 0.11191771150196445 
529.999999999663 	 0.1119214717169435 
530.9999999996621 	 0.11192520864885767 
531.9999999996612 	 0.1119289572223043 
532.9999999996603 	 0.11193255445582914 
533.9999999996594 	 0.11193620989701622 
534.9999999996585 	 0.11193977220594374 
535.9999999996576 	 0.11194334615640372 
536.9999999996567 	 0.11194686189920147 
537.9999999996558 	 0.11195037764199924 
538.9999999996548 	 0.11195389338479698 
539.9999999996539 	 0.11195742076912718 
540.999999999653 	 0.11196093651192494 
541.9999999996521 	 0.11196440568859292 
542.9999999996512 	 0.11196785158219602 
543.9999999996503 	 0.11197129747579912 
544.9999999996494 	 0.11197463859561024 
545.9999999996485 	 0.11197786330009692 
546.9999999996476 	 0.11198102979692139 
547.9999999996467 	 0.1119841264445512 
548.9999999996458 	 0.11198718816758368 
549.9999999996448 	 0.11199018004142151 
550.9999999996439 	 0.11199320683985667 
551.999999999643 	 0.11199615214756473 
552.9999999996421 	 0.11199908581374034 
553.9999999996412 	 0.11200198455531861 
554.9999999996403 	 0.1120047785231049 
555.9999999996394 	 0.11200760741548854 
556.9999999996385 	 0.1120103664586775 
557.9999999996376 	 0.1120131604264638 
558.9999999996367 	 0.11201593111118521 
559.9999999996357 	 0.11201864358824441 
560.9999999996348 	 0.11202132114070627 
561.9999999996339 	 0.11202396376857081 
562.999999999633 	 0.11202655983030559 
563.9999999996321 	 0.11202917917510523 
564.9999999996312 	 0.11203156568925603 
565.9999999996303 	 0.11203398712800415 
566.9999999996294 	 0.11203640856675227 
567.9999999996285 	 0.11203877179783818 
568.9999999996276 	 0.1120412165196512 
569.9999999996267 	 0.11204362631686687 
570.9999999996257 	 0.11204597790642035 
571.9999999996248 	 0.1120484342697658 
572.9999999996239 	 0.11205086735004637 
573.999999999623 	 0.11205328878879449 
574.9999999996221 	 0.11205569858601017 
575.9999999996212 	 0.11205806181709607 
576.9999999996203 	 0.11206043668971442 
577.9999999996194 	 0.11206274171313813 
578.9999999996185 	 0.11206502345349693 
579.9999999996176 	 0.11206734011845307 
580.9999999996166 	 0.11206955200961721 
581.9999999996157 	 0.11207168241005427 
582.9999999996148 	 0.11207373131976422 
583.9999999996139 	 0.11207578022947418 
584.999999999613 	 0.11207792227144367 
585.9999999996121 	 0.11208002938881582 
586.9999999996112 	 0.11208207829852578 
587.9999999996103 	 0.11208406900057352 
588.9999999996094 	 0.1120860713441537 
589.9999999996085 	 0.11208807368773388 
590.9999999996076 	 0.11208997125752207 
591.9999999996066 	 0.11209176405351827 
592.9999999996057 	 0.11209351028338471 
593.9999999996048 	 0.11209545441930267 
594.9999999996039 	 0.11209731706449354 
595.999999999603 	 0.11209913314355463 
596.9999999996021 	 0.11210094922261572 
597.9999999996012 	 0.11210275366014437 
598.9999999996003 	 0.11210449989001081 
599.9999999995994 	 0.11210626940294213 
600.9999999995985 	 0.11210803891587345 
601.9999999995975 	 0.11210973857961011 
602.9999999995966 	 0.11211144988487923 
603.9999999995957 	 0.11211311462401856 
604.9999999995948 	 0.11211480264622278 
605.9999999995939 	 0.11211629276237547 
606.999999999593 	 0.11211782944465794 
607.9999999995921 	 0.11211940105153773 
608.9999999995912 	 0.11212098429994996 
609.9999999995903 	 0.11212249769916753 
610.9999999995894 	 0.11212403438145 
611.9999999995885 	 0.1121256059883298 
612.9999999995875 	 0.1121272358028718 
613.9999999995866 	 0.11212874920208937 
614.9999999995857 	 0.11213021603517719 
615.9999999995848 	 0.11213160137753789 
616.9999999995839 	 0.11213298671989859 
617.999999999583 	 0.11213439534532418 
618.9999999995821 	 0.1121358388953471 
619.9999999995812 	 0.11213728244537002 
620.9999999995803 	 0.11213869107079562 
621.9999999995794 	 0.11214008805468877 
622.9999999995784 	 0.1121414268309197 
623.9999999995775 	 0.11214274232408575 
624.9999999995766 	 0.11214399960958958 
625.9999999995757 	 0.11214529181969074 
626.9999999995748 	 0.11214659567132435 
627.9999999995739 	 0.1121478063906984 
628.999999999573 	 0.11214912188386446 
629.9999999995721 	 0.11215042573549806 
630.9999999995712 	 0.1121516830210019 
631.9999999995703 	 0.11215285881577862 
632.9999999995694 	 0.11215403461055536 
633.9999999995684 	 0.11215529189605919 
634.9999999995675 	 0.11215652589849814 
635.9999999995666 	 0.11215778318400198 
636.9999999995657 	 0.1121589007711165 
637.9999999995648 	 0.1121598786598417 
638.9999999995639 	 0.11216098460542377 
639.999999999563 	 0.1121620789094734 
640.9999999995621 	 0.11216326634578258 
641.9999999995612 	 0.11216439557442955 
642.9999999995603 	 0.1121655248030765 
643.9999999995593 	 0.11216663074865858 
644.9999999995584 	 0.11216757371278645 
645.9999999995575 	 0.112168481752317 
646.9999999995566 	 0.11216943635797731 
647.9999999995557 	 0.11217041424670252 
648.9999999995548 	 0.11217124079550597 
649.9999999995539 	 0.11217188107979033 
650.999999999553 	 0.1121725795717369 
651.9999999995521 	 0.11217334791287813 
652.9999999995512 	 0.11217411625401937 
653.9999999995503 	 0.11217491951975793 
654.9999999995493 	 0.11217576935162625 
655.9999999995484 	 0.11217644456050795 
656.9999999995475 	 0.11217731767544116 
657.9999999995466 	 0.11217809765811483 
658.9999999995457 	 0.11217894748998317 
659.9999999995448 	 0.11217984388798127 
660.9999999995439 	 0.11218063551218739 
661.999999999543 	 0.1121815086271206 
662.9999999995421 	 0.11218235845898894 
663.9999999995412 	 0.1121832432154546 
664.9999999995403 	 0.11218382529207674 
665.9999999995393 	 0.11218429095337445 
666.9999999995384 	 0.11218481482233439 
667.9999999995375 	 0.1121853852574241 
668.9999999995366 	 0.11218578106952715 
669.9999999995357 	 0.11218620016469509 
670.9999999995348 	 0.11218659597679816 
671.9999999995339 	 0.11218682880744701 
672.999999999533 	 0.11218729446874473 
673.9999999995321 	 0.11218773684697755 
674.9999999995312 	 0.11218827235746993 
675.9999999995302 	 0.11218869145263788 
676.9999999995293 	 0.11218935501998713 
677.9999999995284 	 0.1121901350026608 
678.9999999995275 	 0.11219065887162073 
679.9999999995266 	 0.1121913573635673 
680.9999999995257 	 0.11219172989260548 
681.9999999995248 	 0.11219195108172189 
682.9999999995239 	 0.1121921722708383 
683.999999999523 	 0.11219250987527915 
684.9999999995221 	 0.11219287076278488 
685.9999999995212 	 0.11219340627327726 
686.9999999995202 	 0.11219377880231543 
687.9999999995193 	 0.11219391850070475 
688.9999999995184 	 0.11219410476522383 
689.9999999995175 	 0.11219440744506734 
690.9999999995166 	 0.11219475669104063 
691.9999999995157 	 0.11219503608781926 
692.9999999995148 	 0.11219536205072766 
693.9999999995139 	 0.11219552503218186 
694.999999999513 	 0.11219587427815515 
695.999999999512 	 0.11219615367493378 
696.9999999995111 	 0.11219628173179065 
697.9999999995102 	 0.11219666590236127 
698.9999999995093 	 0.11219682888381546 
699.9999999995084 	 0.11219711992212654 
700.9999999995075 	 0.11219751573422959 
701.9999999995066 	 0.11219783005560556 
702.9999999995057 	 0.11219801632012465 
703.9999999995048 	 0.11219829571690328 
704.9999999995039 	 0.11219867988747388 
705.999999999503 	 0.11219909898264183 
706.999999999502 	 0.11219947151168 
707.9999999995011 	 0.11219986732378306 
708.9999999995002 	 0.11220017000362657 
709.9999999994993 	 0.11220060074032696 
710.9999999994984 	 0.11220078700484605 
711.9999999994975 	 0.11220099655243003 
712.9999999994966 	 0.11220125266614377 
713.9999999994957 	 0.11220139236453308 
714.9999999994948 	 0.11220155534598729 
715.9999999994939 	 0.11220183474276592 
716.999999999493 	 0.11220183474276592 
717.999999999492 	 0.11220211413954455 
718.9999999994911 	 0.11220245174398538 
719.9999999994902 	 0.11220267293310181 
720.9999999994893 	 0.11220267293310181 
721.9999999994884 	 0.11220267293310181 
722.9999999994875 	 0.11220267293310181 
723.9999999994866 	 0.11220276606536135 
724.9999999994857 	 0.11220278934842623 
725.9999999994848 	 0.11220280098995868 
726.9999999994839 	 0.11220280098995868 
727.999999999483 	 0.11220280098995868 
728.999999999482 	 0.11220280098995868 
729.9999999994811 	 0.11220280098995868 
730.9999999994802 	 0.11220280098995868 
731.9999999994793 	 0.11220280098995868 
732.9999999994784 	 0.11220280098995868 
733.9999999994775 	 0.11220280098995868 
734.9999999994766 	 0.11220280098995868 
735.9999999994757 	 0.11220280098995868 
736.9999999994748 	 0.11220280098995868 
737.9999999994739 	 0.11220280098995868 
738.999999999473 	 0.11220280098995868 
739.999999999472 	 0.11220280098995868 
740.9999999994711 	 0.11220280098995868 
741.9999999994702 	 0.11220280098995868 
742.9999999994693 	 0.11220280098995868 
743.9999999994684 	 0.11220280098995868 
744.9999999994675 	 0.11220280098995868 
745.9999999994666 	 0.11220280098995868 
746.9999999994657 	 0.11220280098995868 
747.9999999994648 	 0.11220280098995868 
748.9999999994639 	 0.11220280098995868 
749.999999999463 	 0.11220280098995868 
750.999999999462 	 0.11220280098995868 
751.9999999994611 	 0.11220280098995868 
752.9999999994602 	 0.11220280098995868 
753.9999999994593 	 0.11220280098995868 
754.9999999994584 	 0.11220280098995868 
755.9999999994575 	 0.11220280098995868 
756.9999999994566 	 0.11220280098995868 
757.9999999994557 	 0.11220280098995868 
758.9999999994548 	 0.11220280098995868 
759.9999999994538 	 0.11220280098995868 
760.9999999994529 	 0.11220280098995868 
761.999999999452 	 0.11220280098995868 
762.9999999994511 	 0.11220280098995868 
763.9999999994502 	 0.11220280098995868 
764.9999999994493 	 0.11220280098995868 
765.9999999994484 	 0.11220280098995868 
766.9999999994475 	 0.11220280098995868 
767.9999999994466 	 0.11220280098995868 
768.9999999994457 	 0.11220280098995868 
769.9999999994448 	 0.11220280098995868 
770.9999999994438 	 0.11220280098995868 
771.9999999994429 	 0.11220280098995868 
772.999999999442 	 0.11220280098995868 
773.9999999994411 	 0.11220280098995868 
774.9999999994402 	 0.11220280098995868 
775.9999999994393 	 0.11220280098995868 
776.9999999994384 	 0.11220280098995868 
777.9999999994375 	 0.11220280098995868 
778.9999999994366 	 0.11220280098995868 
779.9999999994357 	 0.11220280098995868 
780.9999999994347 	 0.11220280098995868 
781.9999999994338 	 0.11220280098995868 
782.9999999994329 	 0.11220280098995868 
783.999999999432 	 0.11220280098995868 
784.9999999994311 	 0.11220280098995868 
785.9999999994302 	 0.11220280098995868 
786.9999999994293 	 0.11220280098995868 
787.9999999994284 	 0.11220280098995868 
788.9999999994275 	 0.11220280098995868 
789.9999999994266 	 0.11220280098995868 
790.9999999994257 	 0.11220280098995868 
791.9999999994247 	 0.11220280098995868 
792.9999999994238 	 0.11220280098995868 
793.9999999994229 	 0.11220280098995868 
794.999999999422 	 0.11220280098995868 
795.9999999994211 	 0.11220280098995868 
796.9999999994202 	 0.11220280098995868 
797.9999999994193 	 0.11220280098995868 
798.9999999994184 	 0.11220280098995868 
799.9999999994175 	 0.11220280098995868 
800.9999999994166 	 0.11220280098995868 
801.9999999994156 	 0.11220280098995868 
802.9999999994147 	 0.11220280098995868 
803.9999999994138 	 0.11220280098995868 
804.9999999994129 	 0.11220280098995868 
805.999999999412 	 0.11220280098995868 
806.9999999994111 	 0.11220280098995868 
807.9999999994102 	 0.11220280098995868 
808.9999999994093 	 0.11220280098995868 
809.9999999994084 	 0.11220280098995868 
810.9999999994075 	 0.11220280098995868 
811.9999999994066 	 0.11220280098995868 
812.9999999994056 	 0.11220280098995868 
813.9999999994047 	 0.11220280098995868 
814.9999999994038 	 0.11220280098995868 
815.9999999994029 	 0.11220280098995868 
816.999999999402 	 0.11220280098995868 
817.9999999994011 	 0.11220280098995868 
818.9999999994002 	 0.11220280098995868 
819.9999999993993 	 0.11220280098995868 
820.9999999993984 	 0.11220280098995868 
821.9999999993975 	 0.11220280098995868 
822.9999999993966 	 0.11220280098995868 
823.9999999993956 	 0.11220280098995868 
824.9999999993947 	 0.11220280098995868 
825.9999999993938 	 0.11220280098995868 
826.9999999993929 	 0.11220280098995868 
827.999999999392 	 0.11220280098995868 
828.9999999993911 	 0.11220280098995868 
829.9999999993902 	 0.11220280098995868 
830.9999999993893 	 0.11220280098995868 
831.9999999993884 	 0.11220280098995868 
832.9999999993875 	 0.11220280098995868 
833.9999999993865 	 0.11220280098995868 
834.9999999993856 	 0.11220280098995868 
835.9999999993847 	 0.11220280098995868 
836.9999999993838 	 0.11220280098995868 
837.9999999993829 	 0.11220280098995868 
838.999999999382 	 0.11220280098995868 
839.9999999993811 	 0.11220280098995868 
840.9999999993802 	 0.11220280098995868 
841.9999999993793 	 0.11220280098995868 
842.9999999993784 	 0.11220280098995868 
843.9999999993775 	 0.11220280098995868 
844.9999999993765 	 0.11220280098995868 
845.9999999993756 	 0.11220280098995868 
846.9999999993747 	 0.11220280098995868 
847.9999999993738 	 0.11220280098995868 
848.9999999993729 	 0.11220280098995868 
849.999999999372 	 0.11220280098995868 
850.9999999993711 	 0.11220280098995868 
851.9999999993702 	 0.11220280098995868 
852.9999999993693 	 0.11220280098995868 
853.9999999993684 	 0.11220280098995868 
854.9999999993674 	 0.11220280098995868 
855.9999999993665 	 0.11220280098995868 
856.9999999993656 	 0.11220280098995868 
857.9999999993647 	 0.11220280098995868 
858.9999999993638 	 0.11220280098995868 
859.9999999993629 	 0.11220280098995868 
860.999999999362 	 0.11220280098995868 
861.9999999993611 	 0.11220280098995868 
862.9999999993602 	 0.11220280098995868 
863.9999999993593 	 0.11220280098995868 
864.9999999993584 	 0.11220280098995868 
865.9999999993574 	 0.11220280098995868 
866.9999999993565 	 0.11220280098995868 
867.9999999993556 	 0.11220280098995868 
868.9999999993547 	 0.11220280098995868 
869.9999999993538 	 0.11220280098995868 
870.9999999993529 	 0.11220280098995868 
871.999999999352 	 0.11220280098995868 
872.9999999993511 	 0.11220280098995868 
873.9999999993502 	 0.11220280098995868 
874.9999999993493 	 0.11220280098995868 
875.9999999993483 	 0.11220280098995868 
876.9999999993474 	 0.11220280098995868 
877.9999999993465 	 0.11220280098995868 
878.9999999993456 	 0.11220280098995868 
879.9999999993447 	 0.11220280098995868 
880.9999999993438 	 0.11220280098995868 
881.9999999993429 	 0.11220280098995868 
882.999999999342 	 0.11220280098995868 
883.9999999993411 	 0.11220280098995868 
884.9999999993402 	 0.11220280098995868 
885.9999999993393 	 0.11220280098995868 
886.9999999993383 	 0.11220280098995868 
887.9999999993374 	 0.11220280098995868 
888.9999999993365 	 0.11220280098995868 
889.9999999993356 	 0.11220280098995868 
890.9999999993347 	 0.11220280098995868 
891.9999999993338 	 0.11220280098995868 
892.9999999993329 	 0.11220280098995868 
893.999999999332 	 0.11220280098995868 
894.9999999993311 	 0.11220280098995868 
895.9999999993302 	 0.11220280098995868 
896.9999999993292 	 0.11220280098995868 
897.9999999993283 	 0.11220280098995868 
898.9999999993274 	 0.11220280098995868 
899.9999999993265 	 0.11220280098995868 
900.9999999993256 	 0.11220280098995868 
901.9999999993247 	 0.11220280098995868 
902.9999999993238 	 0.11220280098995868 
903.9999999993229 	 0.11220280098995868 
904.999999999322 	 0.11220280098995868 
905.9999999993211 	 0.11220280098995868 
906.9999999993202 	 0.11220280098995868 
907.9999999993192 	 0.11220280098995868 
908.9999999993183 	 0.11220280098995868 
909.9999999993174 	 0.11220280098995868 
910.9999999993165 	 0.11220280098995868 
911.9999999993156 	 0.11220280098995868 
912.9999999993147 	 0.11220280098995868 
913.9999999993138 	 0.11220280098995868 
914.9999999993129 	 0.11220280098995868 
915.999999999312 	 0.11220280098995868 
916.9999999993111 	 0.11220280098995868 
917.9999999993101 	 0.11220280098995868 
918.9999999993092 	 0.11220280098995868 
919.9999999993083 	 0.11220280098995868 
920.9999999993074 	 0.11220280098995868 
921.9999999993065 	 0.11220280098995868 
922.9999999993056 	 0.11220280098995868 
923.9999999993047 	 0.11220280098995868 
924.9999999993038 	 0.11220280098995868 
925.9999999993029 	 0.11220280098995868 
926.999999999302 	 0.11220280098995868 
927.999999999301 	 0.11220280098995868 
928.9999999993001 	 0.11220280098995868 
929.9999999992992 	 0.11220280098995868 
930.9999999992983 	 0.11220280098995868 
931.9999999992974 	 0.11220280098995868 
932.9999999992965 	 0.11220280098995868 
933.9999999992956 	 0.11220280098995868 
934.9999999992947 	 0.11220280098995868 
935.9999999992938 	 0.11220280098995868 
936.9999999992929 	 0.11220280098995868 
937.999999999292 	 0.11220280098995868 
938.999999999291 	 0.11220280098995868 
939.9999999992901 	 0.11220280098995868 
940.9999999992892 	 0.11220280098995868 
941.9999999992883 	 0.11220280098995868 
942.9999999992874 	 0.11220280098995868 
943.9999999992865 	 0.11220280098995868 
944.9999999992856 	 0.11220280098995868 
945.9999999992847 	 0.11220280098995868 
946.9999999992838 	 0.11220280098995868 
947.9999999992829 	 0.11220280098995868 
948.999999999282 	 0.11220280098995868 
949.999999999281 	 0.11220280098995868 
950.9999999992801 	 0.11220280098995868 
951.9999999992792 	 0.11220280098995868 
952.9999999992783 	 0.11220280098995868 
953.9999999992774 	 0.11220280098995868 
954.9999999992765 	 0.11220280098995868 
955.9999999992756 	 0.11220280098995868 
956.9999999992747 	 0.11220280098995868 
957.9999999992738 	 0.11220280098995868 
958.9999999992729 	 0.11220280098995868 
959.999999999272 	 0.11220280098995868 
960.999999999271 	 0.11220280098995868 
961.9999999992701 	 0.11220280098995868 
962.9999999992692 	 0.11220280098995868 
963.9999999992683 	 0.11220280098995868 
964.9999999992674 	 0.11220280098995868 
965.9999999992665 	 0.11220280098995868 
966.9999999992656 	 0.11220280098995868 
967.9999999992647 	 0.11220280098995868 
968.9999999992638 	 0.11220280098995868 
969.9999999992629 	 0.11220280098995868 
970.999999999262 	 0.11220280098995868 
971.999999999261 	 0.11220280098995868 
972.9999999992601 	 0.11220280098995868 
973.9999999992592 	 0.11220280098995868 
974.9999999992583 	 0.11220280098995868 
975.9999999992574 	 0.11220280098995868 
976.9999999992565 	 0.11220280098995868 
977.9999999992556 	 0.11220280098995868 
978.9999999992547 	 0.11220280098995868 
979.9999999992538 	 0.11220280098995868 
980.9999999992529 	 0.11220280098995868 
981.9999999992519 	 0.11220280098995868 
982.999999999251 	 0.11220280098995868 
983.9999999992501 	 0.11220280098995868 
984.9999999992492 	 0.11220280098995868 
985.9999999992483 	 0.11220280098995868 
986.9999999992474 	 0.11220280098995868 
987.9999999992465 	 0.11220280098995868 
988.9999999992456 	 0.11220280098995868 
989.9999999992447 	 0.11220280098995868 
990.9999999992438 	 0.11220280098995868 
991.9999999992428 	 0.11220280098995868 
992.9999999992419 	 0.11220280098995868 
993.999999999241 	 0.11220280098995868 
994.9999999992401 	 0.11220280098995868 
995.9999999992392 	 0.11220280098995868 
996.9999999992383 	 0.11220280098995868 
997.9999999992374 	 0.11220280098995868 
998.9999999992365 	 0.11220280098995868 
999.9999999992356 	 0.11220280098995868 
1000.9999999992347 	 0.11220280098995868 
1001.9999999992338 	 0.11220280098995868 
1002.9999999992328 	 0.11220280098995868 
1003.9999999992319 	 0.11220280098995868 
1004.999999999231 	 0.11220280098995868 
1005.9999999992301 	 0.11220280098995868 
1006.9999999992292 	 0.11220280098995868 
1007.9999999992283 	 0.11220280098995868 
1008.9999999992274 	 0.11220280098995868 
1009.9999999992265 	 0.11220280098995868 
1010.9999999992256 	 0.11220280098995868 
1011.9999999992247 	 0.11220280098995868 
1012.9999999992237 	 0.11220280098995868 
1013.9999999992228 	 0.11220280098995868 
1014.9999999992219 	 0.11220280098995868 
1015.999999999221 	 0.11220280098995868 
1016.9999999992201 	 0.11220280098995868 
1017.9999999992192 	 0.11220280098995868 
1018.9999999992183 	 0.11220280098995868 
1019.9999999992174 	 0.11220280098995868 
1020.9999999992165 	 0.11220280098995868 
1021.9999999992156 	 0.11220280098995868 
1022.9999999992147 	 0.11220280098995868 
1023.9999999992137 	 0.11220280098995868 
1024.9999999992128 	 0.11220280098995868 
1025.999999999212 	 0.11220280098995868 
1026.999999999211 	 0.11220280098995868 
1027.99999999921 	 0.11220280098995868 
1028.9999999992092 	 0.11220280098995868 
1029.9999999992083 	 0.11220280098995868 
1030.9999999992074 	 0.11220280098995868 
1031.9999999992065 	 0.11220280098995868 
1032.9999999992056 	 0.11220280098995868 
1033.9999999992046 	 0.11220280098995868 
1034.9999999992037 	 0.11220280098995868 
1035.9999999992028 	 0.11220280098995868 
1036.999999999202 	 0.11220280098995868 
1037.999999999201 	 0.11220280098995868 
1038.9999999992 	 0.11220280098995868 
1039.9999999991992 	 0.11220280098995868 
1040.9999999991983 	 0.11220280098995868 
1041.9999999991974 	 0.11220280098995868 
1042.9999999991965 	 0.11220280098995868 
1043.9999999991956 	 0.11220280098995868 
1044.9999999991946 	 0.11220280098995868 
1045.9999999991937 	 0.11220280098995868 
1046.9999999991928 	 0.11220280098995868 
1047.999999999192 	 0.11220280098995868 
1048.999999999191 	 0.11220280098995868 
1049.99999999919 	 0.11220280098995868 
1050.9999999991892 	 0.11220280098995868 
1051.9999999991883 	 0.11220280098995868 
1052.9999999991874 	 0.11220280098995868 
1053.9999999991865 	 0.11220280098995868 
1054.9999999991855 	 0.11220280098995868 
1055.9999999991846 	 0.11220280098995868 
1056.9999999991837 	 0.11220280098995868 
1057.9999999991828 	 0.11220280098995868 
1058.999999999182 	 0.11220280098995868 
1059.999999999181 	 0.11220280098995868 
1060.99999999918 	 0.11220280098995868 
1061.9999999991792 	 0.11220280098995868 
1062.9999999991783 	 0.11220280098995868 
1063.9999999991774 	 0.11220280098995868 
1064.9999999991765 	 0.11220280098995868 
1065.9999999991755 	 0.11220280098995868 
1066.9999999991746 	 0.11220280098995868 
1067.9999999991737 	 0.11220280098995868 
1068.9999999991728 	 0.11220280098995868 
1069.999999999172 	 0.11220280098995868 
1070.999999999171 	 0.11220280098995868 
1071.99999999917 	 0.11220280098995868 
1072.9999999991692 	 0.11220280098995868 
1073.9999999991683 	 0.11220280098995868 
1074.9999999991674 	 0.11220280098995868 
1075.9999999991664 	 0.11220280098995868 
1076.9999999991655 	 0.11220280098995868 
1077.9999999991646 	 0.11220280098995868 
1078.9999999991637 	 0.11220280098995868 
1079.9999999991628 	 0.11220280098995868 
1080.999999999162 	 0.11220280098995868 
1081.999999999161 	 0.11220280098995868 
1082.99999999916 	 0.11220280098995868 
1083.9999999991592 	 0.11220280098995868 
1084.9999999991583 	 0.11220280098995868 
1085.9999999991574 	 0.11220280098995868 
1086.9999999991564 	 0.11220280098995868 
1087.9999999991555 	 0.11220280098995868 
1088.9999999991546 	 0.11220280098995868 
1089.9999999991537 	 0.11220280098995868 
1090.9999999991528 	 0.11220280098995868 
1091.999999999152 	 0.11220280098995868 
1092.999999999151 	 0.11220280098995868 
1093.99999999915 	 0.11220280098995868 
1094.9999999991492 	 0.11220280098995868 
1095.9999999991483 	 0.11220280098995868 
1096.9999999991473 	 0.11220280098995868 
1097.9999999991464 	 0.11220280098995868 
1098.9999999991455 	 0.11220280098995868 
1099.9999999991446 	 0.11220280098995868 
1100.9999999991437 	 0.11220280098995868 
1101.9999999991428 	 0.11220280098995868 
1102.999999999142 	 0.11220280098995868 
1103.999999999141 	 0.11220280098995868 
1104.99999999914 	 0.11220280098995868 
1105.9999999991392 	 0.11220280098995868 
1106.9999999991383 	 0.11220280098995868 
1107.9999999991373 	 0.11220280098995868 
1108.9999999991364 	 0.11220280098995868 
1109.9999999991355 	 0.11220280098995868 
1110.9999999991346 	 0.11220280098995868 
1111.9999999991337 	 0.11220280098995868 
1112.9999999991328 	 0.11220280098995868 
1113.999999999132 	 0.11220280098995868 
1114.999999999131 	 0.11220280098995868 
1115.99999999913 	 0.11220280098995868 
1116.9999999991292 	 0.11220280098995868 
1117.9999999991282 	 0.11220280098995868 
1118.9999999991273 	 0.11220280098995868 
1119.9999999991264 	 0.11220280098995868 
1120.9999999991255 	 0.11220280098995868 
1121.9999999991246 	 0.11220280098995868 
1122.9999999991237 	 0.11220280098995868 
1123.9999999991228 	 0.11220280098995868 
1124.9999999991219 	 0.11220280098995868 
1125.999999999121 	 0.11220280098995868 
1126.99999999912 	 0.11220280098995868 
1127.9999999991192 	 0.11220280098995868 
1128.9999999991182 	 0.11220280098995868 
1129.9999999991173 	 0.11220280098995868 
1130.9999999991164 	 0.11220280098995868 
1131.9999999991155 	 0.11220280098995868 
1132.9999999991146 	 0.11220280098995868 
1133.9999999991137 	 0.11220280098995868 
1134.9999999991128 	 0.11220280098995868 
1135.9999999991119 	 0.11220280098995868 
1136.999999999111 	 0.11220280098995868 
1137.99999999911 	 0.11220280098995868 
1138.9999999991091 	 0.11220280098995868 
1139.9999999991082 	 0.11220280098995868 
1140.9999999991073 	 0.11220280098995868 
1141.9999999991064 	 0.11220280098995868 
1142.9999999991055 	 0.11220280098995868 
1143.9999999991046 	 0.11220280098995868 
1144.9999999991037 	 0.11220280098995868 
1145.9999999991028 	 0.11220280098995868 
1146.9999999991019 	 0.11220280098995868 
1147.999999999101 	 0.11220280098995868 
1148.9999999991 	 0.11220280098995868 
1149.9999999990991 	 0.11220280098995868 
1150.9999999990982 	 0.11220280098995868 
1151.9999999990973 	 0.11220280098995868 
1152.9999999990964 	 0.11220280098995868 
1153.9999999990955 	 0.11220280098995868 
1154.9999999990946 	 0.11220280098995868 
1155.9999999990937 	 0.11220280098995868 
1156.9999999990928 	 0.11220280098995868 
1157.9999999990919 	 0.11220280098995868 
1158.999999999091 	 0.11220280098995868 
1159.99999999909 	 0.11220280098995868 
1160.9999999990891 	 0.11220280098995868 
1161.9999999990882 	 0.11220280098995868 
1162.9999999990873 	 0.11220280098995868 
1163.9999999990864 	 0.11220280098995868 
1164.9999999990855 	 0.11220280098995868 
1165.9999999990846 	 0.11220280098995868 
1166.9999999990837 	 0.11220280098995868 
1167.9999999990828 	 0.11220280098995868 
1168.9999999990819 	 0.11220280098995868 
1169.999999999081 	 0.11220280098995868 
1170.99999999908 	 0.11220280098995868 
1171.9999999990791 	 0.11220280098995868 
1172.9999999990782 	 0.11220280098995868 
1173.9999999990773 	 0.11220280098995868 
1174.9999999990764 	 0.11220280098995868 
1175.9999999990755 	 0.11220280098995868 
1176.9999999990746 	 0.11220280098995868 
1177.9999999990737 	 0.11220280098995868 
1178.9999999990728 	 0.11220280098995868 
1179.9999999990719 	 0.11220280098995868 
1180.999999999071 	 0.11220280098995868 
1181.99999999907 	 0.11220280098995868 
1182.9999999990691 	 0.11220280098995868 
1183.9999999990682 	 0.11220280098995868 
1184.9999999990673 	 0.11220280098995868 
1185.9999999990664 	 0.11220280098995868 
1186.9999999990655 	 0.11220280098995868 
1187.9999999990646 	 0.11220280098995868 
1188.9999999990637 	 0.11220280098995868 
1189.9999999990628 	 0.11220280098995868 
1190.9999999990619 	 0.11220280098995868 
1191.999999999061 	 0.11220280098995868 
1192.99999999906 	 0.11220280098995868 
1193.9999999990591 	 0.11220280098995868 
1194.9999999990582 	 0.11220280098995868 
1195.9999999990573 	 0.11220280098995868 
1196.9999999990564 	 0.11220280098995868 
1197.9999999990555 	 0.11220280098995868 
1198.9999999990546 	 0.11220280098995868 
1199.9999999990537 	 0.11220280098995868 
1200.9999999990528 	 0.11220280098995868 
1201.9999999990519 	 0.11220280098995868 
1202.999999999051 	 0.11220280098995868 
1203.99999999905 	 0.11220280098995868 
1204.9999999990491 	 0.11220280098995868 
1205.9999999990482 	 0.11220280098995868 
1206.9999999990473 	 0.11220280098995868 
1207.9999999990464 	 0.11220280098995868 
1208.9999999990455 	 0.11220280098995868 
1209.9999999990446 	 0.11220280098995868 
1210.9999999990437 	 0.11220280098995868 
1211.9999999990428 	 0.11220280098995868 
1212.9999999990418 	 0.11220280098995868 
1213.999999999041 	 0.11220280098995868 
1214.99999999904 	 0.11220280098995868 
1215.9999999990391 	 0.11220280098995868 
1216.9999999990382 	 0.11220280098995868 
1217.9999999990373 	 0.11220280098995868 
1218.9999999990364 	 0.11220280098995868 
1219.9999999990355 	 0.11220280098995868 
1220.9999999990346 	 0.11220280098995868 
1221.9999999990337 	 0.11220280098995868 
1222.9999999990328 	 0.11220280098995868 
1223.9999999990318 	 0.11220280098995868 
1224.999999999031 	 0.11220280098995868 
1225.99999999903 	 0.11220280098995868 
1226.9999999990291 	 0.11220280098995868 
1227.9999999990282 	 0.11220280098995868 
1228.9999999990273 	 0.11220280098995868 
1229.9999999990264 	 0.11220280098995868 
1230.9999999990255 	 0.11220280098995868 
1231.9999999990246 	 0.11220280098995868 
1232.9999999990237 	 0.11220280098995868 
1233.9999999990227 	 0.11220280098995868 
1234.9999999990218 	 0.11220280098995868 
1235.999999999021 	 0.11220280098995868 
1236.99999999902 	 0.11220280098995868 
1237.999999999019 	 0.11220280098995868 
1238.9999999990182 	 0.11220280098995868 
1239.9999999990173 	 0.11220280098995868 
1240.9999999990164 	 0.11220280098995868 
1241.9999999990155 	 0.11220280098995868 
1242.9999999990146 	 0.11220280098995868 
1243.9999999990137 	 0.11220280098995868 
1244.9999999990127 	 0.11220280098995868 
1245.9999999990118 	 0.11220280098995868 
1246.999999999011 	 0.11220280098995868 
1247.99999999901 	 0.11220280098995868 
1248.999999999009 	 0.11220280098995868 
1249.9999999990082 	 0.11220280098995868 
1250.9999999990073 	 0.11220280098995868 
1251.9999999990064 	 0.11220280098995868 
1252.9999999990055 	 0.11220280098995868 
1253.9999999990046 	 0.11220280098995868 
1254.9999999990036 	 0.11220280098995868 
1255.9999999990027 	 0.11220280098995868 
1256.9999999990018 	 0.11220280098995868 
1257.999999999001 	 0.11220280098995868 
1258.999999999 	 0.11220280098995868 
1259.999999998999 	 0.11220280098995868 
1260.9999999989982 	 0.11220280098995868 
1261.9999999989973 	 0.11220280098995868 
1262.9999999989964 	 0.11220280098995868 
1263.9999999989955 	 0.11220280098995868 
1264.9999999989946 	 0.11220280098995868 
1265.9999999989936 	 0.11220280098995868 
1266.9999999989927 	 0.11220280098995868 
1267.9999999989918 	 0.11220280098995868 
1268.999999998991 	 0.11220280098995868 
1269.99999999899 	 0.11220280098995868 
1270.999999998989 	 0.11220280098995868 
1271.9999999989882 	 0.11220280098995868 
1272.9999999989873 	 0.11220280098995868 
1273.9999999989864 	 0.11220280098995868 
1274.9999999989855 	 0.11220280098995868 
1275.9999999989845 	 0.11220280098995868 
1276.9999999989836 	 0.11220280098995868 
1277.9999999989827 	 0.11220280098995868 
1278.9999999989818 	 0.11220280098995868 
1279.999999998981 	 0.11220280098995868 
1280.99999999898 	 0.11220280098995868 
1281.999999998979 	 0.11220280098995868 
1282.9999999989782 	 0.11220280098995868 
1283.9999999989773 	 0.11220280098995868 
1284.9999999989764 	 0.11220280098995868 
1285.9999999989755 	 0.11220280098995868 
1286.9999999989745 	 0.11220280098995868 
1287.9999999989736 	 0.11220280098995868 
1288.9999999989727 	 0.11220280098995868 
1289.9999999989718 	 0.11220280098995868 
1290.999999998971 	 0.11220280098995868 
1291.99999999897 	 0.11220280098995868 
1292.999999998969 	 0.11220280098995868 
1293.9999999989682 	 0.11220280098995868 
1294.9999999989673 	 0.11220280098995868 
1295.9999999989664 	 0.11220280098995868 
1296.9999999989654 	 0.11220280098995868 
1297.9999999989645 	 0.11220280098995868 
1298.9999999989636 	 0.11220280098995868 
1299.9999999989627 	 0.11220280098995868 
1300.9999999989618 	 0.11220280098995868 
1301.999999998961 	 0.11220280098995868 
1302.99999999896 	 0.11220280098995868 
1303.999999998959 	 0.11220280098995868 
1304.9999999989582 	 0.11220280098995868 
1305.9999999989573 	 0.11220280098995868 
1306.9999999989564 	 0.11220280098995868 
1307.9999999989554 	 0.11220280098995868 
1308.9999999989545 	 0.11220280098995868 
1309.9999999989536 	 0.11220280098995868 
1310.9999999989527 	 0.11220280098995868 
1311.9999999989518 	 0.11220280098995868 
1312.999999998951 	 0.11220280098995868 
1313.99999999895 	 0.11220280098995868 
1314.999999998949 	 0.11220280098995868 
1315.9999999989482 	 0.11220280098995868 
1316.9999999989473 	 0.11220280098995868 
1317.9999999989464 	 0.11220280098995868 
1318.9999999989454 	 0.11220280098995868 
1319.9999999989445 	 0.11220280098995868 
1320.9999999989436 	 0.11220280098995868 
1321.9999999989427 	 0.11220280098995868 
1322.9999999989418 	 0.11220280098995868 
1323.999999998941 	 0.11220280098995868 
1324.99999999894 	 0.11220280098995868 
1325.999999998939 	 0.11220280098995868 
1326.9999999989382 	 0.11220280098995868 
1327.9999999989373 	 0.11220280098995868 
1328.9999999989363 	 0.11220280098995868 
1329.9999999989354 	 0.11220280098995868 
1330.9999999989345 	 0.11220280098995868 
1331.9999999989336 	 0.11220280098995868 
1332.9999999989327 	 0.11220280098995868 
1333.9999999989318 	 0.11220280098995868 
1334.999999998931 	 0.11220280098995868 
1335.99999999893 	 0.11220280098995868 
1336.999999998929 	 0.11220280098995868 
1337.9999999989282 	 0.11220280098995868 
1338.9999999989273 	 0.11220280098995868 
1339.9999999989263 	 0.11220280098995868 
1340.9999999989254 	 0.11220280098995868 
1341.9999999989245 	 0.11220280098995868 
1342.9999999989236 	 0.11220280098995868 
1343.9999999989227 	 0.11220280098995868 
1344.9999999989218 	 0.11220280098995868 
1345.9999999989209 	 0.11220280098995868 
1346.99999999892 	 0.11220280098995868 
1347.999999998919 	 0.11220280098995868 
1348.9999999989182 	 0.11220280098995868 
1349.9999999989172 	 0.11220280098995868 
1350.9999999989163 	 0.11220280098995868 
1351.9999999989154 	 0.11220280098995868 
1352.9999999989145 	 0.11220280098995868 
1353.9999999989136 	 0.11220280098995868 
1354.9999999989127 	 0.11220280098995868 
1355.9999999989118 	 0.11220280098995868 
1356.9999999989109 	 0.11220280098995868 
1357.99999999891 	 0.11220280098995868 
1358.999999998909 	 0.11220280098995868 
1359.9999999989082 	 0.11220280098995868 
1360.9999999989072 	 0.11220280098995868 
1361.9999999989063 	 0.11220280098995868 
1362.9999999989054 	 0.11220280098995868 
1363.9999999989045 	 0.11220280098995868 
1364.9999999989036 	 0.11220280098995868 
1365.9999999989027 	 0.11220280098995868 
1366.9999999989018 	 0.11220280098995868 
1367.9999999989009 	 0.11220280098995868 
1368.9999999989 	 0.11220280098995868 
1369.999999998899 	 0.11220280098995868 
1370.9999999988981 	 0.11220280098995868 
1371.9999999988972 	 0.11220280098995868 
1372.9999999988963 	 0.11220280098995868 
1373.9999999988954 	 0.11220280098995868 
1374.9999999988945 	 0.11220280098995868 
1375.9999999988936 	 0.11220280098995868 
1376.9999999988927 	 0.11220280098995868 
1377.9999999988918 	 0.11220280098995868 
1378.9999999988909 	 0.11220280098995868 
1379.99999999889 	 0.11220280098995868 
1380.999999998889 	 0.11220280098995868 
1381.9999999988881 	 0.11220280098995868 
1382.9999999988872 	 0.11220280098995868 
1383.9999999988863 	 0.11220280098995868 
1384.9999999988854 	 0.11220280098995868 
1385.9999999988845 	 0.11220280098995868 
1386.9999999988836 	 0.11220280098995868 
1387.9999999988827 	 0.11220280098995868 
1388.9999999988818 	 0.11220280098995868 
1389.9999999988809 	 0.11220280098995868 
1390.99999999888 	 0.11220280098995868 
1391.999999998879 	 0.11220280098995868 
1392.9999999988781 	 0.11220280098995868 
1393.9999999988772 	 0.11220280098995868 
1394.9999999988763 	 0.11220280098995868 
1395.9999999988754 	 0.11220280098995868 
1396.9999999988745 	 0.11220280098995868 
1397.9999999988736 	 0.11220280098995868 
1398.9999999988727 	 0.11220280098995868 
1399.9999999988718 	 0.11220280098995868 
1400.9999999988709 	 0.11220280098995868 
1401.99999999887 	 0.11220280098995868 
1402.999999998869 	 0.11220280098995868 
1403.9999999988681 	 0.11220280098995868 
1404.9999999988672 	 0.11220280098995868 
1405.9999999988663 	 0.11220280098995868 
1406.9999999988654 	 0.11220280098995868 
1407.9999999988645 	 0.11220280098995868 
1408.9999999988636 	 0.11220280098995868 
1409.9999999988627 	 0.11220280098995868 
1410.9999999988618 	 0.11220280098995868 
1411.9999999988609 	 0.11220280098995868 
1412.99999999886 	 0.11220280098995868 
1413.999999998859 	 0.11220280098995868 
1414.9999999988581 	 0.11220280098995868 
1415.9999999988572 	 0.11220280098995868 
1416.9999999988563 	 0.11220280098995868 
1417.9999999988554 	 0.11220280098995868 
1418.9999999988545 	 0.11220280098995868 
1419.9999999988536 	 0.11220280098995868 
1420.9999999988527 	 0.11220280098995868 
1421.9999999988518 	 0.11220280098995868 
1422.9999999988509 	 0.11220280098995868 
1423.99999999885 	 0.11220280098995868 
1424.999999998849 	 0.11220280098995868 
1425.9999999988481 	 0.11220280098995868 
1426.9999999988472 	 0.11220280098995868 
1427.9999999988463 	 0.11220280098995868 
1428.9999999988454 	 0.11220280098995868 
1429.9999999988445 	 0.11220280098995868 
1430.9999999988436 	 0.11220280098995868 
1431.9999999988427 	 0.11220280098995868 
1432.9999999988418 	 0.11220280098995868 
1433.9999999988408 	 0.11220280098995868 
1434.99999999884 	 0.11220280098995868 
1435.999999998839 	 0.11220280098995868 
1436.9999999988381 	 0.11220280098995868 
1437.9999999988372 	 0.11220280098995868 
1438.9999999988363 	 0.11220280098995868 
1439.9999999988354 	 0.11220280098995868 
1440.9999999988345 	 0.11220280098995868 
1441.9999999988336 	 0.11220280098995868 
1442.9999999988327 	 0.11220280098995868 
1443.9999999988318 	 0.11220280098995868 
1444.9999999988308 	 0.11220280098995868 
1445.99999999883 	 0.11220280098995868 
1446.999999998829 	 0.11220280098995868 
1447.9999999988281 	 0.11220280098995868 
1448.9999999988272 	 0.11220280098995868 
1449.9999999988263 	 0.11220280098995868 
1450.9999999988254 	 0.11220280098995868 
1451.9999999988245 	 0.11220280098995868 
1452.9999999988236 	 0.11220280098995868 
1453.9999999988227 	 0.11220280098995868 
1454.9999999988217 	 0.11220280098995868 
1455.9999999988208 	 0.11220280098995868 
1456.99999999882 	 0.11220280098995868 
1457.999999998819 	 0.11220280098995868 
1458.999999998818 	 0.11220280098995868 
1459.9999999988172 	 0.11220280098995868 
1460.9999999988163 	 0.11220280098995868 
1461.9999999988154 	 0.11220280098995868 
1462.9999999988145 	 0.11220280098995868 
1463.9999999988136 	 0.11220280098995868 
1464.9999999988127 	 0.11220280098995868 
1465.9999999988117 	 0.11220280098995868 
1466.9999999988108 	 0.11220280098995868 
1467.99999999881 	 0.11220280098995868 
1468.999999998809 	 0.11220280098995868 
1469.999999998808 	 0.11220280098995868 
1470.9999999988072 	 0.11220280098995868 
1471.9999999988063 	 0.11220280098995868 
1472.9999999988054 	 0.11220280098995868 
1473.9999999988045 	 0.11220280098995868 
1474.9999999988036 	 0.11220280098995868 
1475.9999999988027 	 0.11220280098995868 
1476.9999999988017 	 0.11220280098995868 
1477.9999999988008 	 0.11220280098995868 
1478.9999999988 	 0.11220280098995868 
1479.999999998799 	 0.11220280098995868 
1480.999999998798 	 0.11220280098995868 
1481.9999999987972 	 0.11220280098995868 
1482.9999999987963 	 0.11220280098995868 
1483.9999999987954 	 0.11220280098995868 
1484.9999999987945 	 0.11220280098995868 
1485.9999999987936 	 0.11220280098995868 
1486.9999999987926 	 0.11220280098995868 
1487.9999999987917 	 0.11220280098995868 
1488.9999999987908 	 0.11220280098995868 
1489.99999999879 	 0.11220280098995868 
1490.999999998789 	 0.11220280098995868 
1491.999999998788 	 0.11220280098995868 
1492.9999999987872 	 0.11220280098995868 
1493.9999999987863 	 0.11220280098995868 
1494.9999999987854 	 0.11220280098995868 
1495.9999999987845 	 0.11220280098995868 
1496.9999999987836 	 0.11220280098995868 
1497.9999999987826 	 0.11220280098995868 
1498.9999999987817 	 0.11220280098995868 
1499.9999999987808 	 0.11220280098995868 
